# Time X0 Y0 Z0 X1 Y1 Z1 X2 Y2 Z2 X3 Y3 Z3 X4 Y4 Z4
0.00000000 1.00000000 0.00000000 0.00000000 1.00000000 0.00000000 0.00000000 1.00000000 0.00000000 0.00000000 1.00000000 0.00000000 0.00000000 1.00000000 0.00000000 0.00000000
0.01000000 0.98839331 -0.09917010 0.00000000 0.99017870 -0.07938370 0.00000000 0.99156773 -0.05956557 0.00000000 0.99256098 -0.03972363 0.00000000 0.99315655 -0.01986579 0.00000000
0.02000000 0.96708632 -0.19603810 0.00000000 0.97415155 -0.15720801 0.00000000 0.97965860 -0.11812664 0.00000000 0.98359883 -0.07885623 0.00000000 0.98596579 -0.03945969 0.00000000
0.03000000 0.93641996 -0.28966856 0.00000000 0.95210445 -0.23299587 0.00000000 0.96436262 -0.17548461 0.00000000 0.97314990 -0.11734175 0.00000000 0.97843510 -0.05877663 0.00000000
0.04000000 0.89682394 -0.37917122 0.00000000 0.92425716 -0.30628884 0.00000000 0.94577783 -0.23144768 0.00000000 0.96124887 -0.15512587 0.00000000 0.97057158 -0.07781181 0.00000000
0.05000000 0.84881204 -0.46370798 0.00000000 0.89086521 -0.37665173 0.00000000 0.92401689 -0.28583202 0.00000000 0.94793653 -0.19215621 0.00000000 0.96238375 -0.09656049 0.00000000
0.06000000 0.79297394 -0.54250252 0.00000000 0.85221493 -0.44367239 0.00000000 0.89919996 -0.33846128 0.00000000 0.93325102 -0.22838214 0.00000000 0.95388025 -0.11501819 0.00000000
0.07000000 0.72996950 -0.61484516 0.00000000 0.80862474 -0.50696683 0.00000000 0.87145668 -0.38916877 0.00000000 0.91723645 -0.26375535 0.00000000 0.94506788 -0.13318068 0.00000000
0.08000001 0.66052252 -0.68009955 0.00000000 0.76043820 -0.56617934 0.00000000 0.84092760 -0.43779632 0.00000000 0.89993620 -0.29822922 0.00000000 0.93595493 -0.15104388 0.00000000
0.09000000 0.58541030 -0.73770958 0.00000000 0.70802373 -0.62098509 0.00000000 0.80775970 -0.48419493 0.00000000 0.88139480 -0.33175942 0.00000000 0.92654943 -0.16860375 0.00000000
0.10000000 0.50545675 -0.78720236 0.00000000 0.65177399 -0.67109162 0.00000000 0.77210677 -0.52822691 0.00000000 0.86165947 -0.36430362 0.00000000 0.91685879 -0.18585649 0.00000000
0.11000001 0.42152289 -0.82819128 0.00000000 0.59209889 -0.71624058 0.00000000 0.73413265 -0.56976396 0.00000000 0.84077787 -0.39582166 0.00000000 0.90689272 -0.20279884 0.00000000
0.12000000 0.33449835 -0.86038035 0.00000000 0.52942562 -0.75620902 0.00000000 0.69400400 -0.60868853 0.00000000 0.81879991 -0.42627615 0.00000000 0.89665788 -0.21942714 0.00000000
0.13000001 0.24529171 -0.88356602 0.00000000 0.46419525 -0.79080969 0.00000000 0.65189534 -0.64489502 0.00000000 0.79577559 -0.45563051 0.00000000 0.88616240 -0.23573838 0.00000000
0.14000000 0.15482128 -0.89763635 0.00000000 0.39685872 -0.81989241 0.00000000 0.60798460 -0.67828768 0.00000000 0.77175581 -0.48385233 0.00000000 0.87541568 -0.25172952 0.00000000
0.15000001 0.06400555 -0.90257078 0.00000000 0.32787484 -0.84334373 0.00000000 0.56245548 -0.70878357 0.00000000 0.74679434 -0.51090997 0.00000000 0.86442387 -0.26739785 0.00000000
0.16000001 -0.02624539 -0.89844179 0.00000000 0.25770673 -0.86108899 0.00000000 0.51549411 -0.73631024 0.00000000 0.72094363 -0.53677452 0.00000000 0.85319686 -0.28274047 0.00000000
0.17000000 -0.11503935 -0.88541079 0.00000000 0.18681933 -0.87308902 0.00000000 0.46728873 -0.76080704 0.00000000 0.69425792 -0.56141979 0.00000000 0.84174144 -0.29775494 0.00000000
0.18000001 -0.20151038 -0.86372560 0.00000000 0.11567538 -0.87934482 0.00000000 0.41803050 -0.78222650 0.00000000 0.66679186 -0.58482176 0.00000000 0.83006614 -0.31243905 0.00000000
0.19000001 -0.28482717 -0.83371598 0.00000000 0.04473362 -0.87989056 0.00000000 0.36791193 -0.80053115 0.00000000 0.63860011 -0.60695857 0.00000000 0.81817865 -0.32679090 0.00000000
0.20000000 -0.36420065 -0.79579306 0.00000000 -0.02555473 -0.87479985 0.00000000 0.31712541 -0.81569546 0.00000000 0.60973918 -0.62781125 0.00000000 0.80608761 -0.34080857 0.00000000
0.21000001 -0.43889233 -0.75043851 0.00000000 -0.09474862 -0.86417961 0.00000000 0.26586401 -0.82770735 0.00000000 0.58026427 -0.64736176 0.00000000 0.79380095 -0.35448995 0.00000000
0.22000001 -0.50821900 -0.69820279 0.00000000 -0.16241981 -0.84817082 0.00000000 0.21431936 -0.83656490 0.00000000 0.55023199 -0.66559607 0.00000000 0.78132677 -0.36783344 0.00000000
0.23000000 -0.57156104 -0.63969862 0.00000000 -0.22815560 -0.82694668 0.00000000 0.16268188 -0.84227711 0.00000000 0.51969904 -0.68250209 0.00000000 0.76867288 -0.38083816 0.00000000
0.24000001 -0.62836581 -0.57559198 0.00000000 -0.29156077 -0.80071294 0.00000000 0.11113938 -0.84486526 0.00000000 0.48872140 -0.69806910 0.00000000 0.75584722 -0.39350224 0.00000000
0.25000000 -0.67815387 -0.50659561 0.00000000 -0.35226068 -0.76970345 0.00000000 0.05987740 -0.84436089 0.00000000 0.45735574 -0.71228987 0.00000000 0.74285716 -0.40582484 0.00000000
0.26000002 -0.72052175 -0.43346304 0.00000000 -0.40990284 -0.73418033 0.00000000 0.00907767 -0.84080839 0.00000000 0.42565894 -0.72515887 0.00000000 0.72971171 -0.41780540 0.00000000
0.27000001 -0.75514472 -0.35697746 0.00000000 -0.46415901 -0.69442952 0.00000000 -0.04108211 -0.83425909 0.00000000 0.39368632 -0.73667330 0.00000000 0.71641856 -0.42944244 0.00000000
0.28000000 -0.78178144 -0.27794623 0.00000000 -0.51472670 -0.65076262 0.00000000 -0.09042884 -0.82477766 0.00000000 0.36149427 -0.74683183 0.00000000 0.70298451 -0.44073588 0.00000000
0.29000002 -0.80027103 -0.19719075 0.00000000 -0.56133127 -0.60351014 0.00000000 -0.13879471 -0.81243694 0.00000000 0.32913834 -0.75563604 0.00000000 0.68941861 -0.45168519 0.00000000
0.30000001 -0.81053740 -0.11553897 0.00000000 -0.60372716 -0.55302244 0.00000000 -0.18601763 -0.79731923 0.00000000 0.29667330 -0.76308930 0.00000000 0.67572778 -0.46229005 0.00000000
0.31000000 -0.81258768 -0.03381682 0.00000000 -0.64169866 -0.49966484 0.00000000 -0.23194188 -0.77951574 0.00000000 0.26415357 -0.76919746 0.00000000 0.66191983 -0.47255045 0.00000000
0.32000002 -0.80650914 0.04716007 0.00000000 -0.67506152 -0.44381702 0.00000000 -0.27641857 -0.75912684 0.00000000 0.23163320 -0.77396828 0.00000000 0.64800256 -0.48246649 0.00000000
0.33000001 -0.79247105 0.12659428 0.00000000 -0.70366293 -0.38586903 0.00000000 -0.31930551 -0.73626131 0.00000000 0.19916531 -0.77741235 0.00000000 0.63398355 -0.49203780 0.00000000
0.34000000 -0.77071857 0.20371434 0.00000000 -0.72738397 -0.32621986 0.00000000 -0.36046892 -0.71103305 0.00000000 0.16680197 -0.77954078 0.00000000 0.61987042 -0.50126547 0.00000000
0.35000002 -0.74157035 0.27778202 0.00000000 -0.74613619 -0.26527351 0.00000000 -0.39978254 -0.68356645 0.00000000 0.13459495 -0.78036743 0.00000000 0.60567033 -0.51014918 0.00000000
0.36000001 -0.70541525 0.34809935 0.00000000 -0.75986660 -0.20343696 0.00000000 -0.43712881 -0.65398926 0.00000000 0.10259467 -0.77990907 0.00000000 0.59139127 -0.51869023 0.00000000
0.37000000 -0.66270638 0.41401488 0.00000000 -0.76855284 -0.14111792 0.00000000 -0.47239798 -0.62243670 0.00000000 0.07085066 -0.77818274 0.00000000 0.57703990 -0.52688956 0.00000000
0.38000003 -0.61395639 0.47492999 0.00000000 -0.77220726 -0.07872131 0.00000000 -0.50549060 -0.58904999 0.00000000 0.03941137 -0.77520770 0.00000000 0.56262404 -0.53474712 0.00000000
0.39000002 -0.55973125 0.53030372 0.00000000 -0.77087212 -0.01664750 0.00000000 -0.53631562 -0.55397308 0.00000000 0.00832412 -0.77100676 0.00000000 0.54815096 -0.54226488 0.00000000
0.40000001 -0.50064391 0.57965666 0.00000000 -0.76462227 0.04471070 0.00000000 -0.56479084 -0.51735604 0.00000000 -0.02236499 -0.76560175 0.00000000 0.53362727 -0.54944336 0.00000000
0.41000003 -0.43734834 0.62257761 0.00000000 -0.75356311 0.10497013 0.00000000 -0.59084523 -0.47935188 0.00000000 -0.05261109 -0.75901788 0.00000000 0.51906031 -0.55628413 0.00000000
0.42000002 -0.37053102 0.65872318 0.00000000 -0.73782927 0.16375980 0.00000000 -0.61441612 -0.44011587 0.00000000 -0.08237066 -0.75128168 0.00000000 0.50445741 -0.56278908 0.00000000
0.43000001 -0.30090439 0.68782252 0.00000000 -0.71758276 0.22072309 0.00000000 -0.63545108 -0.39980668 0.00000000 -0.11160155 -0.74242055 0.00000000 0.48982519 -0.56895936 0.00000000
0.44000003 -0.22920039 0.70967996 0.00000000 -0.69301349 0.27551961 0.00000000 -0.65390778 -0.35858440 0.00000000 -0.14026296 -0.73246443 0.00000000 0.47517017 -0.57479668 0.00000000
0.45000002 -0.15616104 0.72417247 0.00000000 -0.66433519 0.32782748 0.00000000 -0.66975337 -0.31661037 0.00000000 -0.16831566 -0.72144383 0.00000000 0.46049979 -0.58030301 0.00000000
0.46000001 -0.08253226 0.73125315 0.00000000 -0.63178629 0.37734514 0.00000000 -0.68296498 -0.27404648 0.00000000 -0.19572195 -0.70939082 0.00000000 0.44582015 -0.58547980 0.00000000
0.47000003 -0.00905585 0.73095000 0.00000000 -0.59562606 0.42379275 0.00000000 -0.69352990 -0.23105459 0.00000000 -0.22244549 -0.69633883 0.00000000 0.43113831 -0.59033006 0.00000000
0.48000002 0.06353767 0.72336394 0.00000000 -0.55613375 0.46691328 0.00000000 -0.70144480 -0.18779576 0.00000000 -0.24845174 -0.68232274 0.00000000 0.41646093 -0.59485507 0.00000000
0.49000001 0.13453624 0.70866704 0.00000000 -0.51360631 0.50647551 0.00000000 -0.70671654 -0.14443032 0.00000000 -0.27370784 -0.66737741 0.00000000 0.40179351 -0.59905797 0.00000000
0.50000000 0.20325321 0.68709934 0.00000000 -0.46835613 0.54227328 0.00000000 -0.70936030 -0.10111650 0.00000000 -0.29818243 -0.65154004 0.00000000 0.38714322 -0.60294026 0.00000000
0.51000005 0.26903373 0.65896744 0.00000000 -0.42070860 0.57412714 0.00000000 -0.70940214 -0.05801043 0.00000000 -0.32184571 -0.63484818 0.00000000 0.37251627 -0.60650510 0.00000000
0.52000004 0.33126077 0.62463838 0.00000000 -0.37100023 0.60188562 0.00000000 -0.70687610 -0.01526533 0.00000000 -0.34466994 -0.61734068 0.00000000 0.35791814 -0.60975492 0.00000000
0.53000003 0.38936135 0.58453727 0.00000000 -0.31957635 0.62542540 0.00000000 -0.70182478 0.02696887 0.00000000 -0.36662883 -0.59905648 0.00000000 0.34335580 -0.61269265 0.00000000
0.54000002 0.44281036 0.53913909 0.00000000 -0.26678908 0.64465189 0.00000000 -0.69430089 0.06854607 0.00000000 -0.38769820 -0.58003628 0.00000000 0.32883450 -0.61532086 0.00000000
0.55000001 0.49113742 0.48896787 0.00000000 -0.21299402 0.65949941 0.00000000 -0.68436354 0.10932451 0.00000000 -0.40785509 -0.56032073 0.00000000 0.31436053 -0.61764270 0.00000000
0.56000000 0.53392774 0.43458626 0.00000000 -0.15854852 0.66993004 0.00000000 -0.67208093 0.14916721 0.00000000 -0.42707917 -0.53995103 0.00000000 0.29993919 -0.61966127 0.00000000
0.57000005 0.57082814 0.37659228 0.00000000 -0.10380981 0.67593670 0.00000000 -0.65752858 0.18794236 0.00000000 -0.44535071 -0.51896882 0.00000000 0.28557670 -0.62137914 0.00000000
0.58000004 0.60154921 0.31561193 0.00000000 -0.04913186 0.67753857 0.00000000 -0.64078921 0.22552362 0.00000000 -0.46265316 -0.49741745 0.00000000 0.27127826 -0.62280017 0.00000000
0.59000003 0.62586606 0.25229305 0.00000000 0.00513623 0.67478466 0.00000000 -0.62195277 0.26179114 0.00000000 -0.47897068 -0.47533894 0.00000000 0.25704920 -0.62392747 0.00000000
0.60000002 0.64362144 0.18729737 0.00000000 0.05865269 0.66774946 0.00000000 -0.60111487 0.29663068 0.00000000 -0.49428976 -0.45277643 0.00000000 0.24289550 -0.62476420 0.00000000
0.61000001 0.65472531 0.12129544 0.00000000 0.11108510 0.65653539 0.00000000 -0.57837713 0.32993513 0.00000000 -0.50859857 -0.42977327 0.00000000 0.22882178 -0.62531418 0.00000000
0.62000000 0.65915471 0.05495837 0.00000000 0.16211224 0.64126849 0.00000000 -0.55384761 0.36160463 0.00000000 -0.52188748 -0.40637285 0.00000000 0.21483368 -0.62558067 0.00000000
0.63000005 0.65695387 -0.01104795 0.00000000 0.21142629 0.62210143 0.00000000 -0.52763838 0.39154595 0.00000000 -0.53414750 -0.38261858 0.00000000 0.20093583 -0.62556767 0.00000000
0.64000005 0.64823318 -0.07606988 0.00000000 0.25873455 0.59920758 0.00000000 -0.49986658 0.41967329 0.00000000 -0.54537284 -0.35855389 0.00000000 0.18713334 -0.62527847 0.00000000
0.65000004 0.63316518 -0.13947228 0.00000000 0.30376059 0.57278317 0.00000000 -0.47065362 0.44590953 0.00000000 -0.55555910 -0.33422232 0.00000000 0.17343111 -0.62471753 0.00000000
0.66000003 0.61198431 -0.20064446 0.00000000 0.34624678 0.54304397 0.00000000 -0.44012445 0.47018439 0.00000000 -0.56470275 -0.30966723 0.00000000 0.15983388 -0.62388784 0.00000000
0.67000002 0.58498311 -0.25900605 0.00000000 0.38595495 0.51022410 0.00000000 -0.40840629 0.49243623 0.00000000 -0.57280278 -0.28493154 0.00000000 0.14634608 -0.62279332 0.00000000
0.68000001 0.55250746 -0.31401256 0.00000000 0.42266774 0.47457415 0.00000000 -0.37563041 0.51261073 0.00000000 -0.57986009 -0.26005805 0.00000000 0.13297227 -0.62143892 0.00000000
0.69000006 0.51495373 -0.36515999 0.00000000 0.45619008 0.43636030 0.00000000 -0.34192935 0.53066331 0.00000000 -0.58587700 -0.23508930 0.00000000 0.11971693 -0.61982793 0.00000000
0.70000005 0.47276390 -0.41198948 0.00000000 0.48634931 0.39586046 0.00000000 -0.30743688 0.54655576 0.00000000 -0.59085721 -0.21006729 0.00000000 0.10658433 -0.61796463 0.00000000
0.71000004 0.42641929 -0.45409161 0.00000000 0.51299763 0.35336411 0.00000000 -0.27228862 0.56025994 0.00000000 -0.59480649 -0.18503363 0.00000000 0.09357859 -0.61585307 0.00000000
0.72000003 0.37643752 -0.49110886 0.00000000 0.53601068 0.30916992 0.00000000 -0.23662041 0.57175463 0.00000000 -0.59773183 -0.16002926 0.00000000 0.08070382 -0.61349791 0.00000000
0.73000002 0.32336494 -0.52273971 0.00000000 0.55528903 0.26358306 0.00000000 -0.20056824 0.58102810 0.00000000 -0.59964198 -0.13509467 0.00000000 0.06796394 -0.61090279 0.00000000
0.74000001 0.26777139 -0.54874045 0.00000000 0.57075924 0.21691327 0.00000000 -0.16426788 0.58807582 0.00000000 -0.60054779 -0.11026976 0.00000000 0.05536281 -0.60807246 0.00000000
0.75000006 0.21024467 -0.56892592 0.00000000 0.58237278 0.16947386 0.00000000 -0.12785365 0.59290200 0.00000000 -0.60046059 -0.08559350 0.00000000 0.04290411 -0.60501111 0.00000000
0.76000005 0.15138391 -0.58317244 0.00000000 0.59010673 0.12157846 0.00000000 -0.09145904 0.59551823 0.00000000 -0.59939384 -0.06110429 0.00000000 0.03059147 -0.60172337 0.00000000
0.77000004 0.09179351 -0.59141624 0.00000000 0.59396183 0.07353954 0.00000000 -0.05521547 0.59594476 0.00000000 -0.59736246 -0.03683963 0.00000000 0.01842842 -0.59821332 0.00000000
0.78000003 0.03207726 -0.59365469 0.00000000 0.59396625 0.02566637 0.00000000 -0.01925210 0.59420860 0.00000000 -0.59438193 -0.01283619 0.00000000 0.00641833 -0.59448606 0.00000000
0.79000002 -0.02716785 -0.58994508 0.00000000 0.59017003 -0.02173697 0.00000000 0.01630461 0.59034514 0.00000000 -0.59047014 0.01087031 0.00000000 -0.00543552 -0.59054542 0.00000000
0.80000001 -0.08535744 -0.58040351 0.00000000 0.58264840 -0.06837335 0.00000000 0.05133138 0.58439618 0.00000000 -0.58564568 0.03424506 0.00000000 -0.01712997 -0.58639604 0.00000000
0.81000006 -0.14192533 -0.56520176 0.00000000 0.57149810 -0.11395460 0.00000000 0.08570843 0.57641071 0.00000000 -0.57992870 0.05725428 0.00000000 -0.02866197 -0.58204275 0.00000000
0.82000005 -0.19632910 -0.54456681 0.00000000 0.55683899 -0.15820311 0.00000000 0.11931998 0.56644523 0.00000000 -0.57334024 0.07986522 0.00000000 -0.04002856 -0.57749051 0.00000000
0.83000004 -0.24805498 -0.51877594 0.00000000 0.53881109 -0.20085324 0.00000000 0.15205452 0.55456161 0.00000000 -0.56590265 0.10204625 0.00000000 -0.05122695 -0.57274336 0.00000000
0.84000003 -0.29662287 -0.48815465 0.00000000 0.51757455 -0.24165337 0.00000000 0.18380517 0.54082853 0.00000000 -0.55763918 0.12376685 0.00000000 -0.06225440 -0.56780630 0.00000000
0.85000002 -0.34159014 -0.45307255 0.00000000 0.49330804 -0.28036690 0.00000000 0.21447009 0.52531987 0.00000000 -0.54857439 0.14499757 0.00000000 -0.07310830 -0.56268418 0.00000000
0.86000001 -0.38255659 -0.41393816 0.00000000 0.46620649 -0.31677383 0.00000000 0.24395274 0.50811517 0.00000000 -0.53873366 0.16571027 0.00000000 -0.08378620 -0.55738133 0.00000000
0.87000006 -0.41916645 -0.37119520 0.00000000 0.43648073 -0.35067180 0.00000000 0.27216190 0.48929971 0.00000000 -0.52814329 0.18587793 0.00000000 -0.09428565 -0.55190265 0.00000000
0.88000005 -0.45111257 -0.32531804 0.00000000 0.40435615 -0.38187718 0.00000000 0.29901242 0.46896249 0.00000000 -0.51683050 0.20547491 0.00000000 -0.10460441 -0.54625249 0.00000000
0.89000005 -0.47813809 -0.27680504 0.00000000 0.37006998 -0.41022590 0.00000000 0.32442510 0.44719711 0.00000000 -0.50482363 0.22447681 0.00000000 -0.11474033 -0.54043657 0.00000000
0.90000004 -0.50003910 -0.22617525 0.00000000 0.33386999 -0.43557447 0.00000000 0.34832716 0.42410186 0.00000000 -0.49215123 0.24286032 0.00000000 -0.12469128 -0.53445888 0.00000000
0.91000003 -0.51666480 -0.17396106 0.00000000 0.29601347 -0.45780009 0.00000000 0.37065196 0.39977747 0.00000000 -0.47884274 0.26060364 0.00000000 -0.13445549 -0.52832425 0.00000000
0.92000002 -0.52791971 -0.12070415 0.00000000 0.25676438 -0.47680268 0.00000000 0.39133951 0.37432858 0.00000000 -0.46492857 0.27768630 0.00000000 -0.14403100 -0.52203768 0.00000000
0.93000007 -0.53376222 -0.06694928 0.00000000 0.21639213 -0.49250242 0.00000000 0.41033676 0.34786195 0.00000000 -0.45043921 0.29408932 0.00000000 -0.15341602 -0.51560408 0.00000000
0.94000006 -0.53420621 -0.01323893 0.00000000 0.17517018 -0.50484347 0.00000000 0.42759734 0.32048678 0.00000000 -0.43540579 0.30979457 0.00000000 -0.16260909 -0.50902820 0.00000000
0.95000005 -0.52931851 0.03989200 0.00000000 0.13337338 -0.51379055 0.00000000 0.44308192 0.29231441 0.00000000 -0.41986081 0.32478601 0.00000000 -0.17160851 -0.50231451 0.00000000
0.96000004 -0.51921850 0.09192151 0.00000000 0.09127685 -0.51933211 0.00000000 0.45675761 0.26345721 0.00000000 -0.40383556 0.33904833 0.00000000 -0.18041310 -0.49546793 0.00000000
0.97000003 -0.50407600 0.14234549 0.00000000 0.04915384 -0.52147752 0.00000000 0.46859932 0.23402868 0.00000000 -0.38736337 0.35256779 0.00000000 -0.18902126 -0.48849303 0.00000000
0.98000002 -0.48410887 0.19068252 0.00000000 0.00727428 -0.52025789 0.00000000 0.47858810 0.20414294 0.00000000 -0.37047648 0.36533260 0.00000000 -0.19743206 -0.48139548 0.00000000
0.99000007 -0.45957962 0.23647836 0.00000000 -0.03409716 -0.51572549 0.00000000 0.48671249 0.17391415 0.00000000 -0.35320818 0.37733164 0.00000000 -0.20564428 -0.47417906 0.00000000
1.00000000 -0.43079376 0.27931011 0.00000000 -0.07470249 -0.50795358 0.00000000 0.49296778 0.14345643 0.00000000 -0.33559158 0.38855538 0.00000000 -0.21365696 -0.46684861 0.00000000
1.00999999 -0.39809421 0.31878993 0.00000000 -0.11429199 -0.49703443 0.00000000 0.49735636 0.11288286 0.00000000 -0.31766030 0.39899564 0.00000000 -0.22146930 -0.45940965 0.00000000
1.02000010 -0.36185917 0.35456869 0.00000000 -0.15262599 -0.48307994 0.00000000 0.49988648 0.08230571 0.00000000 -0.29944766 0.40864617 0.00000000 -0.22908020 -0.45186612 0.00000000
1.03000009 -0.32249632 0.38633886 0.00000000 -0.18947557 -0.46621919 0.00000000 0.50057405 0.05183568 0.00000000 -0.28098717 0.41750139 0.00000000 -0.23648930 -0.44422320 0.00000000
1.04000008 -0.28043976 0.41383648 0.00000000 -0.22462493 -0.44659904 0.00000000 0.49944094 0.02158162 0.00000000 -0.26231214 0.42555720 0.00000000 -0.24369575 -0.43648523 0.00000000
1.05000007 -0.23614451 0.43684429 0.00000000 -0.25787139 -0.42438123 0.00000000 0.49651513 -0.00834983 0.00000000 -0.24345616 0.43281168 0.00000000 -0.25069922 -0.42865685 0.00000000
1.06000006 -0.19008161 0.45519239 0.00000000 -0.28902760 -0.39974228 0.00000000 0.49183092 -0.03785463 0.00000000 -0.22445214 0.43926281 0.00000000 -0.25749925 -0.42074323 0.00000000
1.07000005 -0.14273389 0.46875930 0.00000000 -0.31792197 -0.37287229 0.00000000 0.48542902 -0.06683166 0.00000000 -0.20533334 0.44491106 0.00000000 -0.26409554 -0.41274858 0.00000000
1.08000004 -0.09459025 0.47747323 0.00000000 -0.34439945 -0.34397221 0.00000000 0.47735503 -0.09518297 0.00000000 -0.18613243 0.44975808 0.00000000 -0.27048782 -0.40467763 0.00000000
1.09000003 -0.04614128 0.48131171 0.00000000 -0.36832264 -0.31325430 0.00000000 0.46766031 -0.12281434 0.00000000 -0.16688171 0.45380598 0.00000000 -0.27667618 -0.39653492 0.00000000
1.10000002 0.00212600 0.48030087 0.00000000 -0.38957241 -0.28093874 0.00000000 0.45640177 -0.14963524 0.00000000 -0.14761350 0.45705932 0.00000000 -0.28266039 -0.38832483 0.00000000
1.11000001 0.04973280 0.47451499 0.00000000 -0.40804836 -0.24725387 0.00000000 0.44364005 -0.17555933 0.00000000 -0.12835930 0.45952314 0.00000000 -0.28844047 -0.38005248 0.00000000
1.12000000 0.09621321 0.46407518 0.00000000 -0.42366862 -0.21243298 0.00000000 0.42944217 -0.20050469 0.00000000 -0.10915047 0.46120355 0.00000000 -0.29401675 -0.37172136 0.00000000
1.13000000 0.14111885 0.44914722 0.00000000 -0.43637103 -0.17671429 0.00000000 0.41387773 -0.22439389 0.00000000 -0.09001783 0.46210855 0.00000000 -0.29938921 -0.36333683 0.00000000
1.14000010 0.18402287 0.42993924 0.00000000 -0.44611359 -0.14033791 0.00000000 0.39702201 -0.24715473 0.00000000 -0.07099156 0.46224669 0.00000000 -0.30455843 -0.35490295 0.00000000
1.15000010 0.22452401 0.40669921 0.00000000 -0.45287240 -0.10354542 0.00000000 0.37895218 -0.26871964 0.00000000 -0.05210136 0.46162793 0.00000000 -0.30952460 -0.34642404 0.00000000
1.16000009 0.26225030 0.37971267 0.00000000 -0.45664427 -0.06657773 0.00000000 0.35975054 -0.28902626 0.00000000 -0.03337623 0.46026334 0.00000000 -0.31428850 -0.33790433 0.00000000
1.17000008 0.29686245 0.34929779 0.00000000 -0.45744452 -0.02967372 0.00000000 0.33950114 -0.30801782 0.00000000 -0.01484460 0.45816526 0.00000000 -0.31885049 -0.32934853 0.00000000
1.18000007 0.32805654 0.31580356 0.00000000 -0.45530730 0.00693137 0.00000000 0.31829113 -0.32564345 0.00000000 0.00346582 0.45534685 0.00000000 -0.32321137 -0.32076055 0.00000000
1.19000006 0.35556701 0.27960461 0.00000000 -0.45028526 0.04300730 0.00000000 0.29621026 -0.34185669 0.00000000 0.02152806 0.45182157 0.00000000 -0.32737163 -0.31214464 0.00000000
1.20000005 0.37916842 0.24109751 0.00000000 -0.44244874 0.07833023 0.00000000 0.27334973 -0.35661796 0.00000000 0.03931592 0.44760537 0.00000000 -0.33133230 -0.30350500 0.00000000
1.21000004 0.39867690 0.20069695 0.00000000 -0.43188503 0.11268413 0.00000000 0.24980262 -0.36989319 0.00000000 0.05680395 0.44271392 0.00000000 -0.33509442 -0.29484597 0.00000000
1.22000003 0.41395271 0.15883061 0.00000000 -0.41869825 0.14586207 0.00000000 0.22566338 -0.38165388 0.00000000 0.07396759 0.43716425 0.00000000 -0.33865854 -0.28617135 0.00000000
1.23000002 0.42489907 0.11593535 0.00000000 -0.40300664 0.17766719 0.00000000 0.20102727 -0.39187783 0.00000000 0.09078310 0.43097386 0.00000000 -0.34202608 -0.27748531 0.00000000
1.24000001 0.43146437 0.07245238 0.00000000 -0.38494483 0.20791440 0.00000000 0.17598969 -0.40054774 0.00000000 0.10722758 0.42416155 0.00000000 -0.34519801 -0.26879176 0.00000000
1.25000000 0.43364146 0.02882305 0.00000000 -0.36465904 0.23643069 0.00000000 0.15064691 -0.40765309 0.00000000 0.12327914 0.41674644 0.00000000 -0.34817556 -0.26009473 0.00000000
1.26000011 0.43146655 -0.01451577 0.00000000 -0.34230888 0.26305667 0.00000000 0.12509461 -0.41318911 0.00000000 0.13891676 0.40874943 0.00000000 -0.35095984 -0.25139812 0.00000000
1.27000010 0.42501900 -0.05713585 0.00000000 -0.31806436 0.28764668 0.00000000 0.09942795 -0.41715646 0.00000000 0.15412040 0.40019032 0.00000000 -0.35355255 -0.24270576 0.00000000
1.28000009 0.41441947 -0.09862183 0.00000000 -0.29210600 0.31007069 0.00000000 0.07374138 -0.41956148 0.00000000 0.16887090 0.39109108 0.00000000 -0.35595459 -0.23402120 0.00000000
1.29000008 0.39982894 -0.13857512 0.00000000 -0.26462257 0.33021370 0.00000000 0.04812816 -0.42041618 0.00000000 0.18315019 0.38147351 0.00000000 -0.35816771 -0.22534849 0.00000000
1.30000007 0.38144556 -0.17661770 0.00000000 -0.23580983 0.34797734 0.00000000 0.02268001 -0.41973805 0.00000000 0.19694123 0.37136036 0.00000000 -0.36019340 -0.21669106 0.00000000
1.31000006 0.35950282 -0.21239570 0.00000000 -0.20587015 0.36327910 0.00000000 -0.00251317 -0.41754988 0.00000000 0.21022795 0.36077461 0.00000000 -0.36203337 -0.20805266 0.00000000
1.32000005 0.33426669 -0.24558230 0.00000000 -0.17500973 0.37605384 0.00000000 -0.02736358 -0.41387939 0.00000000 0.22299528 0.34973976 0.00000000 -0.36368915 -0.19943689 0.00000000
1.33000004 0.30603230 -0.27588105 0.00000000 -0.14343834 0.38625336 0.00000000 -0.05178580 -0.40875950 0.00000000 0.23522939 0.33827972 0.00000000 -0.36516216 -0.19084714 0.00000000
1.34000003 0.27512109 -0.30302811 0.00000000 -0.11136729 0.39384648 0.00000000 -0.07569716 -0.40222833 0.00000000 0.24691722 0.32641914 0.00000000 -0.36645481 -0.18228689 0.00000000
1.35000002 0.24187645 -0.32679459 0.00000000 -0.07900854 0.39881900 0.00000000 -0.09901785 -0.39432785 0.00000000 0.25804693 0.31418237 0.00000000 -0.36756825 -0.17375959 0.00000000
1.36000001 0.20666072 -0.34698838 0.00000000 -0.04657282 0.40117398 0.00000000 -0.12167124 -0.38510466 0.00000000 0.26860768 0.30159473 0.00000000 -0.36850482 -0.16526848 0.00000000
1.37000012 0.16985102 -0.36345533 0.00000000 -0.01426872 0.40093109 0.00000000 -0.14358428 -0.37461001 0.00000000 0.27858993 0.28868103 0.00000000 -0.36926645 -0.15681694 0.00000000
1.38000011 0.13183568 -0.37608069 0.00000000 0.01769881 0.39812589 0.00000000 -0.16468748 -0.36289880 0.00000000 0.28798491 0.27546692 0.00000000 -0.36985475 -0.14840800 0.00000000
1.39000010 0.09300949 -0.38478965 0.00000000 0.04912968 0.39281076 0.00000000 -0.18491507 -0.35002902 0.00000000 0.29678530 0.26197794 0.00000000 -0.37027183 -0.14004500 0.00000000
1.40000010 0.05377029 -0.38954726 0.00000000 0.07982994 0.38505265 0.00000000 -0.20420553 -0.33606309 0.00000000 0.30498412 0.24823955 0.00000000 -0.37052029 -0.13173088 0.00000000
1.41000009 0.01451474 -0.39035803 0.00000000 0.10961278 0.37493354 0.00000000 -0.22250144 -0.32106581 0.00000000 0.31257629 0.23427778 0.00000000 -0.37060162 -0.12346879 0.00000000
1.42000008 -0.02436557 -0.38726649 0.00000000 0.13829984 0.36254975 0.00000000 -0.23974988 -0.30510515 0.00000000 0.31955725 0.22011843 0.00000000 -0.37051842 -0.11526155 0.00000000
1.43000007 -0.06248800 -0.38035503 0.00000000 0.16572203 0.34801012 0.00000000 -0.25590205 -0.28825158 0.00000000 0.32592398 0.20578685 0.00000000 -0.37027261 -0.10711217 0.00000000
1.44000006 -0.09948255 -0.36974335 0.00000000 0.19172074 0.33143649 0.00000000 -0.27091411 -0.27057809 0.00000000 0.33167404 0.19130911 0.00000000 -0.36986652 -0.09902342 0.00000000
1.45000005 -0.13499531 -0.35558602 0.00000000 0.21614839 0.31296179 0.00000000 -0.28474703 -0.25215942 0.00000000 0.33680627 0.17671068 0.00000000 -0.36930275 -0.09099813 0.00000000
1.46000004 -0.16869195 -0.33807111 0.00000000 0.23886961 0.29272938 0.00000000 -0.29736608 -0.23307204 0.00000000 0.34132028 0.16201699 0.00000000 -0.36858338 -0.08303890 0.00000000
1.47000003 -0.20026042 -0.31741795 0.00000000 0.25976145 0.27089205 0.00000000 -0.30874163 -0.21339409 0.00000000 0.34521708 0.14725326 0.00000000 -0.36771068 -0.07514846 0.00000000
1.48000002 -0.22941436 -0.29387376 0.00000000 0.27871463 0.24761058 0.00000000 -0.31884935 -0.19320434 0.00000000 0.34849840 0.13244459 0.00000000 -0.36668712 -0.06732935 0.00000000
1.49000013 -0.25589499 -0.26771164 0.00000000 0.29563352 0.22305335 0.00000000 -0.32766911 -0.17258273 0.00000000 0.35116723 0.11761569 0.00000000 -0.36551553 -0.05958406 0.00000000
1.50000012 -0.27947375 -0.23922721 0.00000000 0.31043679 0.19739403 0.00000000 -0.33518606 -0.15160976 0.00000000 0.35322690 0.10279109 0.00000000 -0.36419779 -0.05191506 0.00000000
1.51000011 -0.29995403 -0.20873497 0.00000000 0.32305777 0.17081168 0.00000000 -0.34139061 -0.13036582 0.00000000 0.35468248 0.08799500 0.00000000 -0.36273679 -0.04432473 0.00000000
1.52000010 -0.31717271 -0.17656565 0.00000000 0.33344454 0.14348859 0.00000000 -0.34627727 -0.10893142 0.00000000 0.35553938 0.07325111 0.00000000 -0.36113521 -0.03681535 0.00000000
1.53000009 -0.33100128 -0.14306217 0.00000000 0.34156027 0.11560923 0.00000000 -0.34984598 -0.08738669 0.00000000 0.35580441 0.05858289 0.00000000 -0.35939515 -0.02938918 0.00000000
1.54000008 -0.34134674 -0.10857628 0.00000000 0.34738299 0.08735949 0.00000000 -0.35210136 -0.06581108 0.00000000 0.35548469 0.04401324 0.00000000 -0.35751978 -0.02204839 0.00000000
1.55000007 -0.34815219 -0.07346461 0.00000000 0.35090628 0.05892494 0.00000000 -0.35305250 -0.04428303 0.00000000 0.35458854 0.02956467 0.00000000 -0.35551107 -0.01479510 0.00000000
1.56000006 -0.35139659 -0.03808560 0.00000000 0.35213748 0.03048999 0.00000000 -0.35271341 -0.02287985 0.00000000 0.35312527 0.01525919 0.00000000 -0.35337231 -0.00763135 0.00000000
1.57000005 -0.35109508 -0.00279550 0.00000000 0.35109913 0.00223656 0.00000000 -0.35110202 -0.00167736 0.00000000 0.35110447 0.00111826 0.00000000 -0.35110569 -0.00055911 0.00000000
1.58000004 -0.34729695 0.03205506 0.00000000 0.34782854 -0.02565696 0.00000000 -0.34824157 0.01925038 0.00000000 0.34853682 -0.01283720 0.00000000 -0.34871399 0.00641971 0.00000000
1.59000003 -0.34008697 0.06612447 0.00000000 0.34237555 -0.05301689 0.00000000 -0.34415841 0.03983127 0.00000000 0.34543419 -0.02658686 0.00000000 -0.34620026 0.01330326 0.00000000
1.60000002 -0.32958210 0.09908342 0.00000000 0.33480421 -0.07967521 0.00000000 -0.33888400 0.05999542 0.00000000 0.34180835 -0.04011097 0.00000000 -0.34356689 0.02008976 0.00000000
1.61000013 -0.31593040 0.13061804 0.00000000 0.32519087 -0.10547067 0.00000000 -0.33245280 0.07967536 0.00000000 0.33767229 -0.05339046 0.00000000 -0.34081677 0.02677752 0.00000000
1.62000012 -0.29930991 0.16043279 0.00000000 0.31362438 -0.13024969 0.00000000 -0.32490358 0.09880630 0.00000000 0.33303952 -0.06640685 0.00000000 -0.33795261 0.03336487 0.00000000
1.63000011 -0.27992573 0.18825318 0.00000000 0.30020431 -0.15386713 0.00000000 -0.31627855 0.11732622 0.00000000 0.32792407 -0.07914235 0.00000000 -0.33497712 0.03985023 0.00000000
1.64000010 -0.25800753 0.21382844 0.00000000 0.28504139 -0.17618719 0.00000000 -0.30662319 0.13517621 0.00000000 0.32234091 -0.09157994 0.00000000 -0.33189306 0.04623211 0.00000000
1.65000010 -0.23380747 0.23693313 0.00000000 0.26825532 -0.19708443 0.00000000 -0.29598582 0.15230061 0.00000000 0.31630510 -0.10370325 0.00000000 -0.32870358 0.05250907 0.00000000
1.66000009 -0.20759684 0.25736961 0.00000000 0.24997556 -0.21644391 0.00000000 -0.28441817 0.16864693 0.00000000 0.30983257 -0.11549661 0.00000000 -0.32541093 0.05867970 0.00000000
1.67000008 -0.17966396 0.27496976 0.00000000 0.23033814 -0.23416194 0.00000000 -0.27197450 0.18416645 0.00000000 0.30293977 -0.12694505 0.00000000 -0.32201859 0.06474268 0.00000000
1.68000007 -0.15030976 0.28959545 0.00000000 0.20948730 -0.25014731 0.00000000 -0.25871122 0.19881390 0.00000000 0.29564348 -0.13803458 0.00000000 -0.31852880 0.07069680 0.00000000
1.69000006 -0.11984590 0.30114025 0.00000000 0.18757208 -0.26432034 0.00000000 -0.24468717 0.21254778 0.00000000 0.28796098 -0.14875175 0.00000000 -0.31494457 0.07654083 0.00000000
1.70000005 -0.08859073 0.30953002 0.00000000 0.16474721 -0.27661446 0.00000000 -0.22996348 0.22533043 0.00000000 0.27990991 -0.15908402 0.00000000 -0.31126881 0.08227367 0.00000000
1.71000004 -0.05686634 0.31472287 0.00000000 0.14117046 -0.28697589 0.00000000 -0.21460247 0.23712835 0.00000000 0.27150822 -0.16901967 0.00000000 -0.30750430 0.08789422 0.00000000
1.72000003 -0.02499520 0.31670919 0.00000000 0.11700271 -0.29536405 0.00000000 -0.19866835 0.24791192 0.00000000 0.26277444 -0.17854753 0.00000000 -0.30365381 0.09340160 0.00000000
1.73000014 0.00670300 0.31551179 0.00000000 0.09240648 -0.30175117 0.00000000 -0.18222615 0.25765523 0.00000000 0.25372699 -0.18765773 0.00000000 -0.29972041 0.09879472 0.00000000
1.74000013 0.03791453 0.31118494 0.00000000 0.06754475 -0.30612311 0.00000000 -0.16534221 0.26633713 0.00000000 0.24438520 -0.19634061 0.00000000 -0.29570675 0.10407283 0.00000000
1.75000012 0.06833471 0.30381301 0.00000000 0.04258018 -0.30847839 0.00000000 -0.14808352 0.27394009 0.00000000 0.23476785 -0.20458794 0.00000000 -0.29161558 0.10923511 0.00000000
1.76000011 0.09767069 0.29350990 0.00000000 0.01767382 -0.30882895 0.00000000 -0.13051747 0.28045085 0.00000000 0.22489445 -0.21239184 0.00000000 -0.28745016 0.11428077 0.00000000
1.77000010 0.12564442 0.28041705 0.00000000 -0.00701575 -0.30719861 0.00000000 -0.11271170 0.28586048 0.00000000 0.21478441 -0.21974550 0.00000000 -0.28321272 0.11920917 0.00000000
1.78000009 0.15199502 0.26470199 0.00000000 -0.03133342 -0.30362466 0.00000000 -0.09473392 0.29016390 0.00000000 0.20445755 -0.22664270 0.00000000 -0.27890649 0.12401965 0.00000000
1.79000008 0.17648131 0.24655628 0.00000000 -0.05512854 -0.29815519 0.00000000 -0.07665133 0.29336011 0.00000000 0.19393349 -0.23307849 0.00000000 -0.27453420 0.12871169 0.00000000
1.80000007 0.19888395 0.22619286 0.00000000 -0.07825574 -0.29085061 0.00000000 -0.05853084 0.29545221 0.00000000 0.18323211 -0.23904845 0.00000000 -0.27009857 0.13328467 0.00000000
1.81000006 0.21900699 0.20384406 0.00000000 -0.10057593 -0.28178173 0.00000000 -0.04043853 0.29644749 0.00000000 0.17237315 -0.24454878 0.00000000 -0.26560223 0.13773830 0.00000000
1.82000005 0.23668011 0.17975903 0.00000000 -0.12195705 -0.27103004 0.00000000 -0.02243948 0.29635656 0.00000000 0.16137648 -0.24957688 0.00000000 -0.26104841 0.14207219 0.00000000
1.83000004 0.25175962 0.15420100 0.00000000 -0.14227459 -0.25868681 0.00000000 -0.00459762 0.29519430 0.00000000 0.15026189 -0.25413075 0.00000000 -0.25643969 0.14628586 0.00000000
1.84000003 0.26412964 0.12744409 0.00000000 -0.16141273 -0.24485178 0.00000000 0.01302456 0.29297918 0.00000000 0.13904908 -0.25820920 0.00000000 -0.25177872 0.15037920 0.00000000
1.85000014 0.27370256 0.09977107 0.00000000 -0.17926465 -0.22963339 0.00000000 0.03036621 0.28973290 0.00000000 0.12775773 -0.26181176 0.00000000 -0.24706841 0.15435192 0.00000000
1.86000013 0.28041986 0.07146994 0.00000000 -0.19573312 -0.21314730 0.00000000 0.04736828 0.28548107 0.00000000 0.11640719 -0.26493925 0.00000000 -0.24231145 0.15820390 0.00000000
1.87000012 0.28425270 0.04283112 0.00000000 -0.21073113 -0.19551595 0.00000000 0.06397369 0.28025243 0.00000000 0.10501692 -0.26759243 0.00000000 -0.23751025 0.16193497 0.00000000
1.88000011 0.28520095 0.01414461 0.00000000 -0.22418219 -0.17686701 0.00000000 0.08012769 0.27407873 0.00000000 0.09360595 -0.26977345 0.00000000 -0.23266797 0.16554517 0.00000000
1.89000010 0.28329325 -0.01430297 0.00000000 -0.23602077 -0.15733349 0.00000000 0.09577771 0.26699486 0.00000000 0.08219319 -0.27148494 0.00000000 -0.22778712 0.16903447 0.00000000
1.90000010 0.27858645 -0.04223116 0.00000000 -0.24619244 -0.13705206 0.00000000 0.11087379 0.25903842 0.00000000 0.07079739 -0.27273035 0.00000000 -0.22287038 0.17240289 0.00000000
1.91000009 0.27116489 -0.06936843 0.00000000 -0.25465405 -0.11616231 0.00000000 0.12536864 0.25024995 0.00000000 0.05943689 -0.27351379 0.00000000 -0.21792032 0.17565060 0.00000000
1.92000008 0.26113805 -0.09545471 0.00000000 -0.26137444 -0.09480603 0.00000000 0.13921785 0.24067217 0.00000000 0.04812977 -0.27384007 0.00000000 -0.21293971 0.17877772 0.00000000
1.93000007 0.24864088 -0.12024385 0.00000000 -0.26633346 -0.07312605 0.00000000 0.15237975 0.23035039 0.00000000 0.03689381 -0.27371496 0.00000000 -0.20793094 0.18178461 0.00000000
1.94000006 0.23383032 -0.14350590 0.00000000 -0.26952264 -0.05126529 0.00000000 0.16481587 0.21933132 0.00000000 0.02574639 -0.27314427 0.00000000 -0.20289662 0.18467137 0.00000000
1.95000005 0.21688463 -0.16502915 0.00000000 -0.27094513 -0.02936607 0.00000000 0.17649075 0.20766464 0.00000000 0.01470458 -0.27213514 0.00000000 -0.19783962 0.18743834 0.00000000
1.96000004 0.19800135 -0.18462214 0.00000000 -0.27061516 -0.00756903 0.00000000 0.18737221 0.19540080 0.00000000 0.00378500 -0.27069473 0.00000000 -0.19276223 0.19008587 0.00000000
1.97000015 0.17739406 -0.20211503 0.00000000 -0.26855820 0.01398775 0.00000000 0.19743149 0.18259238 0.00000000 -0.00699613 -0.26883134 0.00000000 -0.18766688 0.19261451 0.00000000
1.98000014 0.15529126 -0.21736124 0.00000000 -0.26481014 0.03516952 0.00000000 0.20664300 0.16929254 0.00000000 -0.01762304 -0.26655367 0.00000000 -0.18255615 0.19502451 0.00000000
1.99000013 0.13193305 -0.23023845 0.00000000 -0.25941747 0.05584573 0.00000000 0.21498449 0.15555629 0.00000000 -0.02808042 -0.26387069 0.00000000 -0.17743258 0.19731660 0.00000000
2.00000000 0.10756895 -0.24064989 0.00000000 -0.25243631 0.07589076 0.00000000 0.22243765 0.14143898 0.00000000 -0.03835344 -0.26079229 0.00000000 -0.17229849 0.19949105 0.00000000
2.00999999 0.08245508 -0.24852423 0.00000000 -0.24393262 0.09518474 0.00000000 0.22898686 0.12699676 0.00000000 -0.04842773 -0.25732863 0.00000000 -0.16715640 0.20154873 0.00000000
2.01999998 0.05685185 -0.25381663 0.00000000 -0.23398066 0.11361410 0.00000000 0.23462066 0.11228617 0.00000000 -0.05828952 -0.25349057 0.00000000 -0.16200872 0.20349024 0.00000000
2.03000021 0.03102094 -0.25650856 0.00000000 -0.22266345 0.13107252 0.00000000 0.23933078 0.09736405 0.00000000 -0.06792547 -0.24928950 0.00000000 -0.15685751 0.20531610 0.00000000
2.04000020 0.00522290 -0.25660756 0.00000000 -0.21007156 0.14746098 0.00000000 0.24311236 0.08228723 0.00000000 -0.07732283 -0.24473670 0.00000000 -0.15170531 0.20702730 0.00000000
2.05000019 -0.02028552 -0.25414705 0.00000000 -0.19630237 0.16268903 0.00000000 0.24596395 0.06711224 0.00000000 -0.08646944 -0.23984468 0.00000000 -0.14655447 0.20862433 0.00000000
2.06000018 -0.04525385 -0.24918552 0.00000000 -0.18145944 0.17667435 0.00000000 0.24788752 0.05189538 0.00000000 -0.09535369 -0.23462543 0.00000000 -0.14140703 0.21010815 0.00000000
2.07000017 -0.06944033 -0.24180526 0.00000000 -0.16565223 0.18934399 0.00000000 0.24888848 0.03669225 0.00000000 -0.10396454 -0.22909223 0.00000000 -0.13626544 0.21147940 0.00000000
2.08000016 -0.09261419 -0.23211230 0.00000000 -0.14899442 0.20063448 0.00000000 0.24897537 0.02155767 0.00000000 -0.11229151 -0.22325814 0.00000000 -0.13113169 0.21273935 0.00000000
2.09000015 -0.11455780 -0.22023351 0.00000000 -0.13160396 0.21049166 0.00000000 0.24816024 0.00654553 0.00000000 -0.12032481 -0.21713682 0.00000000 -0.12600811 0.21388853 0.00000000
2.10000014 -0.13506867 -0.20631650 0.00000000 -0.11360174 0.21887156 0.00000000 0.24645756 -0.00829147 0.00000000 -0.12805511 -0.21074162 0.00000000 -0.12089680 0.21492812 0.00000000
2.11000013 -0.15396130 -0.19052701 0.00000000 -0.09511120 0.22573996 0.00000000 0.24388552 -0.02290194 0.00000000 -0.13547392 -0.20408721 0.00000000 -0.11579972 0.21585895 0.00000000
2.12000012 -0.17106885 -0.17304720 0.00000000 -0.07625699 0.23107316 0.00000000 0.24046481 -0.03723601 0.00000000 -0.14257321 -0.19718741 0.00000000 -0.11071914 0.21668234 0.00000000
2.13000011 -0.18624440 -0.15407372 0.00000000 -0.05716461 0.23485717 0.00000000 0.23621938 -0.05124546 0.00000000 -0.14934556 -0.19005695 0.00000000 -0.10565686 0.21739909 0.00000000
2.14000010 -0.19936211 -0.13381548 0.00000000 -0.03795931 0.23708858 0.00000000 0.23117498 -0.06488393 0.00000000 -0.15578429 -0.18271062 0.00000000 -0.10061503 0.21801034 0.00000000
2.15000010 -0.21031858 -0.11249154 0.00000000 -0.01876553 0.23777334 0.00000000 0.22536090 -0.07810689 0.00000000 -0.16188335 -0.17516311 0.00000000 -0.09559558 0.21851727 0.00000000
2.16000009 -0.21903323 -0.09032848 0.00000000 0.00029410 0.23692760 0.00000000 0.21880819 -0.09087204 0.00000000 -0.16763718 -0.16742943 0.00000000 -0.09060042 0.21892092 0.00000000
2.17000008 -0.22544868 -0.06755852 0.00000000 0.01909941 0.23457727 0.00000000 0.21155035 -0.10313919 0.00000000 -0.17304096 -0.15952474 0.00000000 -0.08563137 0.21922266 0.00000000
2.18000007 -0.22953174 -0.04441658 0.00000000 0.03753343 0.23075724 0.00000000 0.20362316 -0.11487068 0.00000000 -0.17809060 -0.15146418 0.00000000 -0.08069037 0.21942374 0.00000000
2.19000006 -0.23127228 -0.02113835 0.00000000 0.05548316 0.22551121 0.00000000 0.19506374 -0.12603100 0.00000000 -0.18278256 -0.14326303 0.00000000 -0.07577918 0.21952520 0.00000000
2.20000005 -0.23068424 0.00204230 0.00000000 0.07284017 0.21889199 0.00000000 0.18591198 -0.13658741 0.00000000 -0.18711373 -0.13493650 0.00000000 -0.07089952 0.21952829 0.00000000
2.21000004 -0.22780414 0.02489557 0.00000000 0.08950119 0.21095981 0.00000000 0.17620845 -0.14650965 0.00000000 -0.19108197 -0.12649986 0.00000000 -0.06605325 0.21943460 0.00000000
2.22000003 -0.22269106 0.04719795 0.00000000 0.10536890 0.20178279 0.00000000 0.16599564 -0.15577029 0.00000000 -0.19468549 -0.11796832 0.00000000 -0.06124199 0.21924506 0.00000000
2.23000002 -0.21542557 0.06873440 0.00000000 0.12035229 0.19143640 0.00000000 0.15531744 -0.16434440 0.00000000 -0.19792336 -0.10935712 0.00000000 -0.05646742 0.21896134 0.00000000
2.24000001 -0.20610867 0.08930038 0.00000000 0.13436723 0.18000221 0.00000000 0.14421850 -0.17221023 0.00000000 -0.20079514 -0.10068136 0.00000000 -0.05173115 0.21858476 0.00000000
2.25000000 -0.19486046 0.10870365 0.00000000 0.14733678 0.16756773 0.00000000 0.13274474 -0.17934862 0.00000000 -0.20330083 -0.09195612 0.00000000 -0.04703480 0.21811673 0.00000000
2.25999999 -0.18181852 0.12676625 0.00000000 0.15919188 0.15422583 0.00000000 0.12094237 -0.18574336 0.00000000 -0.20544122 -0.08319616 0.00000000 -0.04237987 0.21755840 0.00000000
2.27000022 -0.16713670 0.14332579 0.00000000 0.16987135 0.14007385 0.00000000 0.10885867 -0.19138131 0.00000000 -0.20721772 -0.07441641 0.00000000 -0.03776789 0.21691164 0.00000000
2.28000021 -0.15098311 0.15823711 0.00000000 0.17932259 0.12521316 0.00000000 0.09654108 -0.19625175 0.00000000 -0.20863239 -0.06563139 0.00000000 -0.03320033 0.21617746 0.00000000
2.29000020 -0.13353825 0.17137346 0.00000000 0.18750130 0.10974810 0.00000000 0.08403716 -0.20034742 0.00000000 -0.20968743 -0.05685551 0.00000000 -0.02867859 0.21535777 0.00000000
2.30000019 -0.11499311 0.18262728 0.00000000 0.19437185 0.09378565 0.00000000 0.07139476 -0.20366383 0.00000000 -0.21038613 -0.04810300 0.00000000 -0.02420408 0.21445370 0.00000000
2.31000018 -0.09554721 0.19191141 0.00000000 0.19990790 0.07743455 0.00000000 0.05866141 -0.20619917 0.00000000 -0.21073186 -0.03938786 0.00000000 -0.01977816 0.21346702 0.00000000
2.32000017 -0.07540632 0.19915925 0.00000000 0.20409155 0.06080462 0.00000000 0.04588438 -0.20795475 0.00000000 -0.21072872 -0.03072382 0.00000000 -0.01540212 0.21239904 0.00000000
2.33000016 -0.05478044 0.20432568 0.00000000 0.20691395 0.04400589 0.00000000 0.03311057 -0.20893432 0.00000000 -0.21038154 -0.02212435 0.00000000 -0.01107726 0.21125163 0.00000000
2.34000015 -0.03388159 0.20738658 0.00000000 0.20837502 0.02714808 0.00000000 0.02038608 -0.20914494 0.00000000 -0.20969537 -0.01360265 0.00000000 -0.00680477 0.21002594 0.00000000
2.35000014 -0.01292178 0.20833951 0.00000000 0.20848367 0.01033985 0.00000000 0.00775635 -0.20859574 0.00000000 -0.20867585 -0.00517159 0.00000000 -0.00258587 0.20872401 0.00000000
2.36000013 0.00788925 0.20720275 0.00000000 0.20725681 -0.00631191 0.00000000 -0.00473418 -0.20729879 0.00000000 -0.20732883 0.00315624 0.00000000 0.00157829 0.20734695 0.00000000
2.37000012 0.02834599 0.20401527 0.00000000 0.20472014 -0.02270273 0.00000000 -0.01704214 -0.20526887 0.00000000 -0.20566121 0.01136861 0.00000000 0.00568660 0.20589681 0.00000000
2.38000011 0.04824919 0.19883618 0.00000000 0.20090725 -0.03873120 0.00000000 -0.02912540 -0.20252289 0.00000000 -0.20367959 0.01945365 0.00000000 0.00973799 0.20437479 0.00000000
2.39000010 0.06740774 0.19174337 0.00000000 0.19585943 -0.05429957 0.00000000 -0.04094321 -0.19908045 0.00000000 -0.20139170 0.02739982 0.00000000 0.01373142 0.20278275 0.00000000
2.40000010 0.08564054 0.18283297 0.00000000 0.18962528 -0.06931430 0.00000000 -0.05245631 -0.19496296 0.00000000 -0.19880511 0.03519601 0.00000000 0.01766589 0.20112230 0.00000000
2.41000009 0.10277804 0.17221783 0.00000000 0.18226050 -0.08368670 0.00000000 -0.06362709 -0.19019447 0.00000000 -0.19592808 0.04283144 0.00000000 0.02154045 0.19939509 0.00000000
2.42000008 0.11866394 0.16002637 0.00000000 0.17382704 -0.09733324 0.00000000 -0.07441962 -0.18480074 0.00000000 -0.19276908 0.05029578 0.00000000 0.02535419 0.19760266 0.00000000
2.43000007 0.13315640 0.14640097 0.00000000 0.16439308 -0.11017633 0.00000000 -0.08479986 -0.17880966 0.00000000 -0.18933721 0.05757910 0.00000000 0.02910621 0.19574676 0.00000000
2.44000006 0.14612946 0.13149659 0.00000000 0.15403229 -0.12214439 0.00000000 -0.09473577 -0.17225078 0.00000000 -0.18564138 0.06467193 0.00000000 0.03279570 0.19382901 0.00000000
2.45000005 0.15747385 0.11547859 0.00000000 0.14282322 -0.13317236 0.00000000 -0.10419718 -0.16515541 0.00000000 -0.18169147 0.07156517 0.00000000 0.03642184 0.19185109 0.00000000
2.46000004 0.16709805 0.09852153 0.00000000 0.13084877 -0.14320229 0.00000000 -0.11315610 -0.15755622 0.00000000 -0.17749695 0.07825021 0.00000000 0.03998387 0.18981460 0.00000000
2.47000003 0.17492881 0.08080689 0.00000000 0.11819572 -0.15218306 0.00000000 -0.12158696 -0.14948750 0.00000000 -0.17306820 0.08471895 0.00000000 0.04348108 0.18772136 0.00000000
2.48000002 0.18091202 0.06252123 0.00000000 0.10495400 -0.16007122 0.00000000 -0.12946604 -0.14098459 0.00000000 -0.16841546 0.09096360 0.00000000 0.04691277 0.18557301 0.00000000
2.49000001 0.18501237 0.04385448 0.00000000 0.09121610 -0.16683069 0.00000000 -0.13677217 -0.13208412 0.00000000 -0.16354911 0.09697700 0.00000000 0.05027830 0.18337108 0.00000000
2.50000000 0.18721402 0.02499775 0.00000000 0.07707661 -0.17243333 0.00000000 -0.14348654 -0.12282348 0.00000000 -0.15848018 0.10275237 0.00000000 0.05357705 0.18111749 0.00000000
2.51000023 0.18752004 0.00614156 0.00000000 0.06263117 -0.17685838 0.00000000 -0.14959280 -0.11324096 0.00000000 -0.15321955 0.10828333 0.00000000 0.05680846 0.17881368 0.00000000
2.52000022 0.18595259 -0.01252610 0.00000000 0.04797638 -0.18009324 0.00000000 -0.15507665 -0.10337552 0.00000000 -0.14777832 0.11356426 0.00000000 0.05997195 0.17646153 0.00000000
2.53000021 0.18255191 -0.03082164 0.00000000 0.03320871 -0.18213302 0.00000000 -0.15992671 -0.09326664 0.00000000 -0.14216778 0.11858974 0.00000000 0.06306709 0.17406256 0.00000000
2.54000020 0.17737643 -0.04856757 0.00000000 0.01842415 -0.18298040 0.00000000 -0.16413361 -0.08295410 0.00000000 -0.13639933 0.12335493 0.00000000 0.06609344 0.17161851 0.00000000
2.55000019 0.17050122 -0.06559428 0.00000000 0.00371754 -0.18264580 0.00000000 -0.16769087 -0.07247790 0.00000000 -0.13048460 0.12785560 0.00000000 0.06905046 0.16913114 0.00000000
2.56000018 0.16201717 -0.08174154 0.00000000 -0.01081807 -0.18114708 0.00000000 -0.17059417 -0.06187817 0.00000000 -0.12443500 0.13208775 0.00000000 0.07193788 0.16660203 0.00000000
2.57000017 0.15203029 -0.09685998 0.00000000 -0.02509195 -0.17850919 0.00000000 -0.17284152 -0.05119487 0.00000000 -0.11826234 0.13604818 0.00000000 0.07475528 0.16403289 0.00000000
2.58000016 0.14066002 -0.11081263 0.00000000 -0.03901622 -0.17476405 0.00000000 -0.17443356 -0.04046779 0.00000000 -0.11197829 0.13973391 0.00000000 0.07750235 0.16142528 0.00000000
2.59000015 0.12803803 -0.12347566 0.00000000 -0.05250645 -0.16995035 0.00000000 -0.17537312 -0.02973633 0.00000000 -0.10559452 0.14314266 0.00000000 0.08017884 0.15878101 0.00000000
2.60000014 0.11430685 -0.13474001 0.00000000 -0.06548203 -0.16411300 0.00000000 -0.17566572 -0.01903939 0.00000000 -0.09912281 0.14627236 0.00000000 0.08278445 0.15610160 0.00000000
2.61000013 0.09961790 -0.14451192 0.00000000 -0.07786680 -0.15730287 0.00000000 -0.17531866 -0.00841522 0.00000000 -0.09257500 0.14912175 0.00000000 0.08531905 0.15338878 0.00000000
2.62000012 0.08413033 -0.15271370 0.00000000 -0.08958934 -0.14957663 0.00000000 -0.17434162 0.00209869 0.00000000 -0.08596264 0.15168989 0.00000000 0.08778238 0.15064415 0.00000000
2.63000011 0.06800920 -0.15928431 0.00000000 -0.10058334 -0.14099556 0.00000000 -0.17274651 0.01246575 0.00000000 -0.07929750 0.15397614 0.00000000 0.09017437 0.14786939 0.00000000
2.64000010 0.05142358 -0.16417995 0.00000000 -0.11078828 -0.13162613 0.00000000 -0.17054735 0.02265038 0.00000000 -0.07259108 0.15598075 0.00000000 0.09249483 0.14506610 0.00000000
2.65000010 0.03454494 -0.16737406 0.00000000 -0.12014913 -0.12153861 0.00000000 -0.16776007 0.03261815 0.00000000 -0.06585494 0.15770392 0.00000000 0.09474373 0.14223593 0.00000000
2.66000009 0.01754548 -0.16885710 0.00000000 -0.12861726 -0.11080698 0.00000000 -0.16440263 0.04233586 0.00000000 -0.05910048 0.15914677 0.00000000 0.09692098 0.13938044 0.00000000
2.67000008 0.00059626 -0.16863720 0.00000000 -0.13615032 -0.09950857 0.00000000 -0.16049466 0.05177161 0.00000000 -0.05233893 0.16031061 0.00000000 0.09902667 0.13650125 0.00000000
2.68000007 -0.01613443 -0.16673896 0.00000000 -0.14271241 -0.08772314 0.00000000 -0.15605754 0.06089501 0.00000000 -0.04558146 0.16119716 0.00000000 0.10106069 0.13359992 0.00000000
2.69000006 -0.03248265 -0.16320346 0.00000000 -0.14827459 -0.07553253 0.00000000 -0.15111445 0.06967722 0.00000000 -0.03883903 0.16180860 0.00000000 0.10302322 0.13067797 0.00000000
2.70000005 -0.04829054 -0.15808780 0.00000000 -0.15281436 -0.06302010 0.00000000 -0.14568990 0.07809091 0.00000000 -0.03212248 0.16214772 0.00000000 0.10491420 0.12773708 0.00000000
2.71000004 -0.06340761 -0.15146396 0.00000000 -0.15631627 -0.05027017 0.00000000 -0.13980988 0.08611058 0.00000000 -0.02544243 0.16221757 0.00000000 0.10673382 0.12477876 0.00000000
2.72000003 -0.07769231 -0.14341772 0.00000000 -0.15877154 -0.03736747 0.00000000 -0.13350174 0.09371232 0.00000000 -0.01880929 0.16202146 0.00000000 0.10848231 0.12180450 0.00000000
2.73000002 -0.09101328 -0.13404827 0.00000000 -0.16017856 -0.02439659 0.00000000 -0.12679408 0.10087421 0.00000000 -0.01223329 0.16156337 0.00000000 0.11015964 0.11881591 0.00000000
2.74000025 -0.10325043 -0.12346654 0.00000000 -0.16054203 -0.01144141 0.00000000 -0.11971626 0.10757619 0.00000000 -0.00572441 0.16084735 0.00000000 0.11176616 0.11581444 0.00000000
2.75000024 -0.11429618 -0.11179413 0.00000000 -0.15987352 0.00141538 0.00000000 -0.11229897 0.11380008 0.00000000 0.00070762 0.15987825 0.00000000 0.11330212 0.11280156 0.00000000
2.76000023 -0.12405616 -0.09916174 0.00000000 -0.15819100 0.01409283 0.00000000 -0.10457350 0.11952972 0.00000000 0.00705330 0.15866084 0.00000000 0.11476765 0.10977885 0.00000000
2.77000022 -0.13245010 -0.08570813 0.00000000 -0.15551855 0.02651221 0.00000000 -0.09657191 0.12475084 0.00000000 0.01330342 0.15720034 0.00000000 0.11616311 0.10674763 0.00000000
2.78000021 -0.13941242 -0.07157821 0.00000000 -0.15188646 0.03859746 0.00000000 -0.08832671 0.12945127 0.00000000 0.01944902 0.15550245 0.00000000 0.11748885 0.10370946 0.00000000
2.79000020 -0.14489268 -0.05692185 0.00000000 -0.14733075 0.05027568 0.00000000 -0.07987116 0.13362096 0.00000000 0.02548146 0.15357305 0.00000000 0.11874509 0.10066579 0.00000000
2.80000019 -0.14885579 -0.04189212 0.00000000 -0.14189263 0.06147755 0.00000000 -0.07123845 0.13725185 0.00000000 0.03139237 0.15141842 0.00000000 0.11993236 0.09761789 0.00000000
2.81000018 -0.15128244 -0.02664384 0.00000000 -0.13561869 0.07213771 0.00000000 -0.06246230 0.14033793 0.00000000 0.03717373 0.14904499 0.00000000 0.12105084 0.09456734 0.00000000
2.82000017 -0.15216877 -0.01133188 0.00000000 -0.12856011 0.08219512 0.00000000 -0.05357628 0.14287518 0.00000000 0.04281780 0.14645958 0.00000000 0.12210111 0.09151547 0.00000000
2.83000016 -0.15152636 0.00389024 0.00000000 -0.12077257 0.09159346 0.00000000 -0.04461408 0.14486171 0.00000000 0.04831718 0.14366914 0.00000000 0.12308360 0.08846355 0.00000000
2.84000015 -0.14938173 0.01887197 0.00000000 -0.11231537 0.10028123 0.00000000 -0.03560913 0.14629774 0.00000000 0.05366482 0.14068106 0.00000000 0.12399869 0.08541300 0.00000000
2.85000014 -0.14577630 0.03346712 0.00000000 -0.10325152 0.10821228 0.00000000 -0.02659457 0.14718528 0.00000000 0.05885395 0.13750274 0.00000000 0.12484696 0.08236520 0.00000000
2.86000013 -0.14076534 0.04753531 0.00000000 -0.09364717 0.11534598 0.00000000 -0.01760314 0.14752826 0.00000000 0.06387824 0.13414197 0.00000000 0.12562892 0.07932138 0.00000000
2.87000012 -0.13441741 0.06094329 0.00000000 -0.08357078 0.12164715 0.00000000 -0.00866710 0.14733286 0.00000000 0.06873166 0.13060665 0.00000000 0.12634493 0.07628284 0.00000000
2.88000011 -0.12681343 0.07356608 0.00000000 -0.07309318 0.12708661 0.00000000 0.00018195 0.14660686 0.00000000 0.07340853 0.12690474 0.00000000 0.12699580 0.07325089 0.00000000
2.89000010 -0.11804599 0.08528828 0.00000000 -0.06228671 0.13164078 0.00000000 0.00891313 0.14535980 0.00000000 0.07790355 0.12304471 0.00000000 0.12758188 0.07022676 0.00000000
2.90000010 -0.10821773 0.09600496 0.00000000 -0.05122482 0.13529241 0.00000000 0.01749641 0.14360319 0.00000000 0.08221178 0.11903475 0.00000000 0.12810396 0.06721164 0.00000000
2.91000009 -0.09744082 0.10562257 0.00000000 -0.03998170 0.13803002 0.00000000 0.02590269 0.14135017 0.00000000 0.08632874 0.11488344 0.00000000 0.12856248 0.06420683 0.00000000
2.92000008 -0.08583522 0.11405983 0.00000000 -0.02863168 0.13984823 0.00000000 0.03410388 0.13861535 0.00000000 0.09025010 0.11059953 0.00000000 0.12895826 0.06121347 0.00000000
2.93000007 -0.07352757 0.12124822 0.00000000 -0.01724881 0.14074756 0.00000000 0.04207302 0.13541511 0.00000000 0.09397216 0.10619169 0.00000000 0.12929183 0.05823269 0.00000000
2.94000006 -0.06064993 0.12713261 0.00000000 -0.00590633 0.14073446 0.00000000 0.04978434 0.13176723 0.00000000 0.09749139 0.10166884 0.00000000 0.12956387 0.05526572 0.00000000
2.95000005 -0.04733822 0.13167161 0.00000000 0.00532370 0.13982107 0.00000000 0.05721336 0.12769073 0.00000000 0.10080481 0.09703977 0.00000000 0.12977520 0.05231366 0.00000000
2.96000004 -0.03373087 0.13483781 0.00000000 0.01637093 0.13802524 0.00000000 0.06433691 0.12320609 0.00000000 0.10390969 0.09231359 0.00000000 0.12992635 0.04937756 0.00000000
2.97000003 -0.01996748 0.13661776 0.00000000 0.02716709 0.13537002 0.00000000 0.07113328 0.11833496 0.00000000 0.10680369 0.08749920 0.00000000 0.13001820 0.04645859 0.00000000
2.98000026 -0.00618731 0.13701224 0.00000000 0.03764645 0.13188386 0.00000000 0.07758215 0.11310004 0.00000000 0.10948494 0.08260566 0.00000000 0.13005136 0.04355776 0.00000000
2.99000025 0.00747202 0.13603549 0.00000000 0.04774615 0.12759998 0.00000000 0.08366488 0.10752513 0.00000000 0.11195186 0.07764199 0.00000000 0.13002673 0.04067611 0.00000000
3.00000024 0.02087594 0.13371558 0.00000000 0.05740656 0.12255648 0.00000000 0.08936422 0.10163497 0.00000000 0.11420327 0.07261729 0.00000000 0.12994498 0.03781466 0.00000000
3.01000023 0.03389421 0.13009326 0.00000000 0.06657173 0.11679569 0.00000000 0.09466460 0.09545492 0.00000000 0.11623836 0.06754052 0.00000000 0.12980697 0.03497444 0.00000000
3.02000022 0.04640216 0.12522195 0.00000000 0.07518957 0.11036389 0.00000000 0.09955222 0.08901128 0.00000000 0.11805657 0.06242069 0.00000000 0.12961341 0.03215637 0.00000000
3.03000021 0.05828184 0.11916678 0.00000000 0.08321215 0.10331107 0.00000000 0.10401486 0.08233087 0.00000000 0.11965796 0.05726670 0.00000000 0.12936527 0.02936145 0.00000000
3.04000020 0.06942312 0.11200379 0.00000000 0.09059612 0.09569073 0.00000000 0.10804182 0.07544093 0.00000000 0.12104268 0.05208743 0.00000000 0.12906334 0.02659059 0.00000000
3.05000019 0.07972474 0.10381904 0.00000000 0.09730262 0.08755901 0.00000000 0.11162450 0.06836925 0.00000000 0.12221128 0.04689169 0.00000000 0.12870838 0.02384467 0.00000000
3.06000018 0.08909512 0.09470769 0.00000000 0.10329771 0.07897484 0.00000000 0.11475581 0.06114376 0.00000000 0.12316489 0.04168819 0.00000000 0.12830134 0.02112461 0.00000000
3.07000017 0.09745315 0.08477283 0.00000000 0.10855246 0.06999901 0.00000000 0.11743021 0.05379272 0.00000000 0.12390467 0.03648550 0.00000000 0.12784295 0.01843124 0.00000000
3.08000016 0.10472896 0.07412441 0.00000000 0.11304308 0.06069422 0.00000000 0.11964419 0.04634433 0.00000000 0.12443227 0.03129214 0.00000000 0.12733431 0.01576541 0.00000000
3.09000015 0.11086427 0.06287806 0.00000000 0.11675096 0.05112433 0.00000000 0.12139589 0.03882687 0.00000000 0.12474965 0.02611646 0.00000000 0.12677607 0.01312793 0.00000000
3.10000014 0.11581308 0.05115382 0.00000000 0.11966275 0.04135408 0.00000000 0.12268504 0.03126847 0.00000000 0.12485906 0.02096667 0.00000000 0.12616931 0.01051959 0.00000000
3.11000013 0.11954176 0.03907488 0.00000000 0.12177033 0.03144865 0.00000000 0.12351316 0.02369701 0.00000000 0.12476303 0.01585084 0.00000000 0.12551494 0.00794115 0.00000000
3.12000012 0.12202929 0.02676637 0.00000000 0.12307084 0.02147321 0.00000000 0.12388320 0.01614007 0.00000000 0.12446455 0.01077689 0.00000000 0.12481378 0.00539336 0.00000000
3.13000011 0.12326729 0.01435403 0.00000000 0.12356668 0.01149249 0.00000000 0.12379999 0.00862480 0.00000000 0.12396675 0.00575253 0.00000000 0.12406681 0.00287693 0.00000000
3.14000010 0.12326001 0.00196299 0.00000000 0.12326545 0.00157043 0.00000000 0.12326980 0.00117786 0.00000000 0.12327311 0.00078533 0.00000000 0.12327491 0.00039255 0.00000000
3.15000010 0.12202401 -0.01028350 0.00000000 0.12217946 -0.00823026 0.00000000 0.12230060 -0.00617471 0.00000000 0.12238722 -0.00411737 0.00000000 0.12243914 -0.00205909 0.00000000
3.16000009 0.11958786 -0.02226526 0.00000000 0.12032606 -0.01784848 0.00000000 0.12090155 -0.01340755 0.00000000 0.12131328 -0.00894840 0.00000000 0.12156034 -0.00447734 0.00000000
3.17000008 0.11599170 -0.03386636 0.00000000 0.11772743 -0.02722510 0.00000000 0.11908342 -0.02049607 0.00000000 0.12005537 -0.01370084 0.00000000 0.12063956 -0.00686160 0.00000000
3.18000007 0.11128686 -0.04497618 0.00000000 0.11440992 -0.03630335 0.00000000 0.11685848 -0.02741652 0.00000000 0.11861801 -0.01836796 0.00000000 0.11967771 -0.00921124 0.00000000
3.19000006 0.10553481 -0.05549045 0.00000000 0.11040431 -0.04502909 0.00000000 0.11424003 -0.03414608 0.00000000 0.11700595 -0.02294325 0.00000000 0.11867571 -0.01152570 0.00000000
3.20000005 0.09880687 -0.06531226 0.00000000 0.10574539 -0.05335115 0.00000000 0.11124282 -0.04066294 0.00000000 0.11522413 -0.02742048 0.00000000 0.11763459 -0.01380442 0.00000000
3.21000004 0.09118297 -0.07435285 0.00000000 0.10047165 -0.06122161 0.00000000 0.10788274 -0.04694630 0.00000000 0.11327771 -0.03179361 0.00000000 0.11655543 -0.01604685 0.00000000
3.22000027 0.08275104 -0.08253245 0.00000000 0.09462483 -0.06859613 0.00000000 0.10417670 -0.05297657 0.00000000 0.11117214 -0.03605690 0.00000000 0.11543899 -0.01825250 0.00000000
3.23000026 0.07360580 -0.08978092 0.00000000 0.08825009 -0.07543408 0.00000000 0.10014271 -0.05873522 0.00000000 0.10891275 -0.04020483 0.00000000 0.11428643 -0.02042089 0.00000000
3.24000025 0.06384787 -0.09603833 0.00000000 0.08139508 -0.08169883 0.00000000 0.09579968 -0.06420502 0.00000000 0.10650545 -0.04423214 0.00000000 0.11309864 -0.02255153 0.00000000
3.25000024 0.05358264 -0.10125539 0.00000000 0.07411007 -0.08735785 0.00000000 0.09116747 -0.06937002 0.00000000 0.10395616 -0.04813388 0.00000000 0.11187673 -0.02464401 0.00000000
3.26000023 0.04291920 -0.10539389 0.00000000 0.06644741 -0.09238297 0.00000000 0.08626674 -0.07421553 0.00000000 0.10127071 -0.05190533 0.00000000 0.11062153 -0.02669788 0.00000000
3.27000022 0.03196911 -0.10842687 0.00000000 0.05846111 -0.09675050 0.00000000 0.08111861 -0.07872826 0.00000000 0.09845549 -0.05554204 0.00000000 0.10933420 -0.02871277 0.00000000
3.28000021 0.02084533 -0.11033872 0.00000000 0.05020653 -0.10044113 0.00000000 0.07574512 -0.08289630 0.00000000 0.09551674 -0.05903987 0.00000000 0.10801555 -0.03068829 0.00000000
3.29000020 0.00966108 -0.11112524 0.00000000 0.04174003 -0.10344023 0.00000000 0.07016868 -0.08670910 0.00000000 0.09246088 -0.06239496 0.00000000 0.10666679 -0.03262411 0.00000000
3.30000019 -0.00147136 -0.11079352 0.00000000 0.03311862 -0.10573771 0.00000000 0.06441212 -0.09015763 0.00000000 0.08929452 -0.06560366 0.00000000 0.10528874 -0.03451987 0.00000000
3.31000018 -0.01244168 -0.10936162 0.00000000 0.02439949 -0.10732833 0.00000000 0.05849873 -0.09323414 0.00000000 0.08602427 -0.06866273 0.00000000 0.10388248 -0.03637528 0.00000000
3.32000017 -0.02314266 -0.10685840 0.00000000 0.01563973 -0.10821108 0.00000000 0.05245192 -0.09593251 0.00000000 0.08265679 -0.07156914 0.00000000 0.10244894 -0.03819006 0.00000000
3.33000016 -0.03347119 -0.10332298 0.00000000 0.00689592 -0.10838985 0.00000000 0.04629537 -0.09824798 0.00000000 0.07919890 -0.07432015 0.00000000 0.10098917 -0.03996396 0.00000000
3.34000015 -0.04332924 -0.09880438 0.00000000 -0.00177619 -0.10787272 0.00000000 0.04005279 -0.10017712 0.00000000 0.07565747 -0.07691336 0.00000000 0.09950422 -0.04169669 0.00000000
3.35000014 -0.05262476 -0.09336059 0.00000000 -0.01032208 -0.10667226 0.00000000 0.03374797 -0.10171819 0.00000000 0.07203937 -0.07934660 0.00000000 0.09799497 -0.04338809 0.00000000
3.36000013 -0.06127250 -0.08705809 0.00000000 -0.01868874 -0.10480517 0.00000000 0.02740450 -0.10287072 0.00000000 0.06835151 -0.08161800 0.00000000 0.09646242 -0.04503793 0.00000000
3.37000012 -0.06919485 -0.07997123 0.00000000 -0.02682501 -0.10229224 0.00000000 0.02104587 -0.10363572 0.00000000 0.06460086 -0.08372597 0.00000000 0.09490754 -0.04664603 0.00000000
3.38000011 -0.07632247 -0.07218093 0.00000000 -0.03468189 -0.09915806 0.00000000 0.01469529 -0.10401542 0.00000000 0.06079438 -0.08566932 0.00000000 0.09333141 -0.04821225 0.00000000
3.39000010 -0.08259477 -0.06377421 0.00000000 -0.04221278 -0.09543103 0.00000000 0.00837564 -0.10401371 0.00000000 0.05693904 -0.08744697 0.00000000 0.09173496 -0.04973642 0.00000000
3.40000010 -0.08796054 -0.05484305 0.00000000 -0.04937387 -0.09114268 0.00000000 0.00210937 -0.10363557 0.00000000 0.05304176 -0.08905831 0.00000000 0.09011919 -0.05121847 0.00000000
3.41000009 -0.09237839 -0.04548342 0.00000000 -0.05612418 -0.08632807 0.00000000 -0.00408153 -0.10288739 0.00000000 0.04910946 -0.09050278 0.00000000 0.08848500 -0.05265824 0.00000000
3.42000008 -0.09581675 -0.03579431 0.00000000 -0.06242599 -0.08102487 0.00000000 -0.01017566 -0.10177677 0.00000000 0.04514902 -0.09178038 0.00000000 0.08683340 -0.05405571 0.00000000
3.43000007 -0.09825428 -0.02587669 0.00000000 -0.06824493 -0.07527348 0.00000000 -0.01615225 -0.10031246 0.00000000 0.04116731 -0.09289108 0.00000000 0.08516529 -0.05541083 0.00000000
3.44000006 -0.09968002 -0.01583245 0.00000000 -0.07355014 -0.06911661 0.00000000 -0.02199122 -0.09850449 0.00000000 0.03717109 -0.09383535 0.00000000 0.08348177 -0.05672351 0.00000000
3.45000005 -0.10009314 -0.00576341 0.00000000 -0.07831453 -0.06259910 0.00000000 -0.02767326 -0.09636397 0.00000000 0.03316709 -0.09461390 0.00000000 0.08178360 -0.05799377 0.00000000
3.46000028 -0.09950291 0.00422974 0.00000000 -0.08251470 -0.05576741 0.00000000 -0.03317990 -0.09390306 0.00000000 0.02916194 -0.09522756 0.00000000 0.08007185 -0.05922162 0.00000000
3.47000027 -0.09792850 0.01404835 0.00000000 -0.08613131 -0.04866935 0.00000000 -0.03849352 -0.09113485 0.00000000 0.02516222 -0.09567761 0.00000000 0.07834744 -0.06040704 0.00000000
3.48000026 -0.09539865 0.02359687 0.00000000 -0.08914892 -0.04135394 0.00000000 -0.04359745 -0.08807351 0.00000000 0.02117438 -0.09596539 0.00000000 0.07661126 -0.06155011 0.00000000
3.49000025 -0.09195124 0.03278366 0.00000000 -0.09155614 -0.03387081 0.00000000 -0.04847598 -0.08473398 0.00000000 0.01720477 -0.09609264 0.00000000 0.07486424 -0.06265084 0.00000000
3.50000024 -0.08763281 0.04152196 0.00000000 -0.09334571 -0.02627008 0.00000000 -0.05311444 -0.08113201 0.00000000 0.01325963 -0.09606121 0.00000000 0.07310734 -0.06370936 0.00000000
3.51000023 -0.08249786 0.04973056 0.00000000 -0.09451436 -0.01860193 0.00000000 -0.05749929 -0.07728411 0.00000000 0.00934509 -0.09587334 0.00000000 0.07134141 -0.06472573 0.00000000
3.52000022 -0.07660855 0.05733465 0.00000000 -0.09506274 -0.01091633 0.00000000 -0.06161793 -0.07320747 0.00000000 0.00546714 -0.09553134 0.00000000 0.06956741 -0.06570005 0.00000000
3.53000021 -0.07003347 0.06426643 0.00000000 -0.09499568 -0.00326268 0.00000000 -0.06545901 -0.06891989 0.00000000 0.00163162 -0.09503789 0.00000000 0.06778619 -0.06663246 0.00000000
3.54000020 -0.06284726 0.07046571 0.00000000 -0.09432168 0.00431047 0.00000000 -0.06901229 -0.06443965 0.00000000 -0.00215577 -0.09439564 0.00000000 0.06599856 -0.06752310 0.00000000
3.55000019 -0.05512970 0.07588038 0.00000000 -0.09305310 0.01175574 0.00000000 -0.07226877 -0.05978553 0.00000000 -0.00588947 -0.09360784 0.00000000 0.06420553 -0.06837215 0.00000000
3.56000018 -0.04696475 0.08046683 0.00000000 -0.09120600 0.01902718 0.00000000 -0.07522058 -0.05497670 0.00000000 -0.00956410 -0.09267754 0.00000000 0.06240788 -0.06917976 0.00000000
3.57000017 -0.03843971 0.08419035 0.00000000 -0.08879973 0.02608057 0.00000000 -0.07786106 -0.05003259 0.00000000 -0.01317444 -0.09160813 0.00000000 0.06060649 -0.06994614 0.00000000
3.58000016 -0.02964438 0.08702520 0.00000000 -0.08585723 0.03287368 0.00000000 -0.08018471 -0.04497289 0.00000000 -0.01671544 -0.09040333 0.00000000 0.05880224 -0.07067148 0.00000000
3.59000015 -0.02066999 0.08895493 0.00000000 -0.08240436 0.03936648 0.00000000 -0.08218743 -0.03981742 0.00000000 -0.02018224 -0.08906681 0.00000000 0.05699588 -0.07135604 0.00000000
3.60000014 -0.01160841 0.08997225 0.00000000 -0.07846998 0.04552139 0.00000000 -0.08386618 -0.03458614 0.00000000 -0.02357017 -0.08760255 0.00000000 0.05518831 -0.07200001 0.00000000
3.61000013 -0.00255111 0.09007914 0.00000000 -0.07408560 0.05130354 0.00000000 -0.08521916 -0.02929897 0.00000000 -0.02687472 -0.08601454 0.00000000 0.05338033 -0.07260366 0.00000000
3.62000012 0.00641166 0.08928657 0.00000000 -0.06928530 0.05668083 0.00000000 -0.08624579 -0.02397579 0.00000000 -0.03009160 -0.08430713 0.00000000 0.05157268 -0.07316726 0.00000000
3.63000011 0.01519179 0.08761439 0.00000000 -0.06410527 0.06162428 0.00000000 -0.08694673 -0.01863635 0.00000000 -0.03321673 -0.08248463 0.00000000 0.04976626 -0.07369111 0.00000000
3.64000010 0.02370419 0.08509087 0.00000000 -0.05858371 0.06610797 0.00000000 -0.08732367 -0.01330018 0.00000000 -0.03624621 -0.08055153 0.00000000 0.04796175 -0.07417545 0.00000000
3.65000010 0.03186752 0.08175248 0.00000000 -0.05276041 0.07010926 0.00000000 -0.08737962 -0.00798654 0.00000000 -0.03917637 -0.07851244 0.00000000 0.04615999 -0.07462066 0.00000000
3.66000009 0.03960503 0.07764324 0.00000000 -0.04667669 0.07360901 0.00000000 -0.08711855 -0.00271439 0.00000000 -0.04200374 -0.07637215 0.00000000 0.04436172 -0.07502700 0.00000000
3.67000008 0.04684521 0.07281440 0.00000000 -0.04037489 0.07659142 0.00000000 -0.08654563 0.00249777 0.00000000 -0.04472505 -0.07413552 0.00000000 0.04256769 -0.07539487 0.00000000
3.68000007 0.05352248 0.06732360 0.00000000 -0.03389825 0.07904430 0.00000000 -0.08566711 0.00763184 0.00000000 -0.04733727 -0.07180737 0.00000000 0.04077860 -0.07572459 0.00000000
3.69000006 0.05957771 0.06123433 0.00000000 -0.02729048 0.08095892 0.00000000 -0.08449014 0.01267031 0.00000000 -0.04983758 -0.06939278 0.00000000 0.03899522 -0.07601646 0.00000000
3.70000029 0.06495881 0.05461526 0.00000000 -0.02059563 0.08233022 0.00000000 -0.08302300 0.01759617 0.00000000 -0.05222334 -0.06689682 0.00000000 0.03721822 -0.07627095 0.00000000
3.71000028 0.06962102 0.04753935 0.00000000 -0.01385768 0.08315657 0.00000000 -0.08127479 0.02239311 0.00000000 -0.05449225 -0.06432465 0.00000000 0.03544836 -0.07648838 0.00000000
3.72000027 0.07352739 0.04008323 0.00000000 -0.00712030 0.08343990 0.00000000 -0.07925562 0.02704548 0.00000000 -0.05664207 -0.06168151 0.00000000 0.03368628 -0.07666920 0.00000000
3.73000026 0.07664902 0.03232625 0.00000000 -0.00042660 0.08318566 0.00000000 -0.07697635 0.03153833 0.00000000 -0.05867093 -0.05897262 0.00000000 0.03193267 -0.07681371 0.00000000
3.74000025 0.07896516 0.02434976 0.00000000 0.00618118 0.08240248 0.00000000 -0.07444869 0.03585755 0.00000000 -0.06057708 -0.05620334 0.00000000 0.03018820 -0.07692243 0.00000000
3.75000024 0.08046336 0.01623615 0.00000000 0.01266188 0.08110251 0.00000000 -0.07168508 0.03998977 0.00000000 -0.06235905 -0.05337886 0.00000000 0.02845348 -0.07699577 0.00000000
3.76000023 0.08113954 0.00806814 0.00000000 0.01897574 0.07930080 0.00000000 -0.06869864 0.04392254 0.00000000 -0.06401554 -0.05050467 0.00000000 0.02672918 -0.07703410 0.00000000
3.77000022 0.08099786 -0.00007213 0.00000000 0.02508456 0.07701556 0.00000000 -0.06550309 0.04764426 0.00000000 -0.06554556 -0.04758600 0.00000000 0.02501594 -0.07703796 0.00000000
3.78000021 0.08005054 -0.00810385 0.00000000 0.03095197 0.07426785 0.00000000 -0.06211281 0.05114425 0.00000000 -0.06694826 -0.04462831 0.00000000 0.02331433 -0.07700775 0.00000000
3.79000020 0.07831772 -0.01594841 0.00000000 0.03654363 0.07108133 0.00000000 -0.05854262 0.05441279 0.00000000 -0.06822301 -0.04163689 0.00000000 0.02162497 -0.07694389 0.00000000
3.80000019 0.07582708 -0.02353007 0.00000000 0.04182743 0.06748223 0.00000000 -0.05480788 0.05744111 0.00000000 -0.06936949 -0.03861709 0.00000000 0.01994842 -0.07684695 0.00000000
3.81000018 0.07261347 -0.03077673 0.00000000 0.04677359 0.06349902 0.00000000 -0.05092420 0.06022143 0.00000000 -0.07038745 -0.03557420 0.00000000 0.01828529 -0.07671737 0.00000000
3.82000017 0.06871848 -0.03762058 0.00000000 0.05135500 0.05916229 0.00000000 -0.04690769 0.06274698 0.00000000 -0.07127697 -0.03251351 0.00000000 0.01663611 -0.07655562 0.00000000
3.83000016 0.06419002 -0.04399873 0.00000000 0.05554712 0.05450450 0.00000000 -0.04277460 0.06501197 0.00000000 -0.07203829 -0.02944027 0.00000000 0.01500142 -0.07636222 0.00000000
3.84000015 0.05908159 -0.04985377 0.00000000 0.05932833 0.04955963 0.00000000 -0.03854145 0.06701167 0.00000000 -0.07267188 -0.02635964 0.00000000 0.01338178 -0.07613768 0.00000000
3.85000014 0.05345182 -0.05513422 0.00000000 0.06267988 0.04436318 0.00000000 -0.03422488 0.06874237 0.00000000 -0.07317837 -0.02327675 0.00000000 0.01177767 -0.07588248 0.00000000
3.86000013 0.04736374 -0.05979512 0.00000000 0.06558598 0.03895171 0.00000000 -0.02984163 0.07020137 0.00000000 -0.07355861 -0.02019669 0.00000000 0.01018961 -0.07559718 0.00000000
3.87000012 0.04088410 -0.06379810 0.00000000 0.06803394 0.03336269 0.00000000 -0.02540842 0.07138696 0.00000000 -0.07381369 -0.01712443 0.00000000 0.00861808 -0.07528231 0.00000000
3.88000011 0.03408270 -0.06711208 0.00000000 0.07001423 0.02763421 0.00000000 -0.02094197 0.07229851 0.00000000 -0.07394483 -0.01406489 0.00000000 0.00706356 -0.07493831 0.00000000
3.89000010 0.02703159 -0.06971310 0.00000000 0.07152031 0.02180482 0.00000000 -0.01645889 0.07293629 0.00000000 -0.07395347 -0.01102290 0.00000000 0.00552652 -0.07456582 0.00000000
3.90000010 0.01980437 -0.07158465 0.00000000 0.07254884 0.01591312 0.00000000 -0.01197561 0.07330168 0.00000000 -0.07384120 -0.00800320 0.00000000 0.00400739 -0.07416534 0.00000000
3.91000009 0.01247544 -0.07271776 0.00000000 0.07309952 0.00999763 0.00000000 -0.00750838 0.07339692 0.00000000 -0.07360983 -0.00501042 0.00000000 0.00250661 -0.07373741 0.00000000
3.92000008 0.00511921 -0.07311091 0.00000000 0.07317520 0.00409653 0.00000000 -0.00307314 0.07322527 0.00000000 -0.07326127 -0.00204910 0.00000000 0.00102461 -0.07328263 0.00000000
3.93000031 -0.00219062 -0.07276996 0.00000000 0.07278171 -0.00175262 0.00000000 0.00131448 0.07279088 0.00000000 -0.07279768 0.00087635 0.00000000 -0.00043822 -0.07280151 0.00000000
3.94000030 -0.00938180 -0.07170807 0.00000000 0.07192777 -0.00751309 0.00000000 0.00563923 0.07209882 0.00000000 -0.07222130 0.00376161 0.00000000 -0.00188148 -0.07229462 0.00000000
3.95000029 -0.01638419 -0.06994534 0.00000000 0.07062489 -0.01314920 0.00000000 0.00988629 0.07115498 0.00000000 -0.07153463 0.00660252 0.00000000 -0.00330480 -0.07176253 0.00000000
3.96000028 -0.02313051 -0.06750868 0.00000000 0.06888743 -0.01862652 0.00000000 0.01404132 0.06996609 0.00000000 -0.07074022 0.00939502 0.00000000 -0.00470780 -0.07120576 0.00000000
3.97000027 -0.02955687 -0.06443123 0.00000000 0.06673218 -0.02391212 0.00000000 0.01809049 0.06853978 0.00000000 -0.06984076 0.01213519 0.00000000 -0.00609014 -0.07062497 0.00000000
3.98000026 -0.03560345 -0.06075221 0.00000000 0.06417858 -0.02897471 0.00000000 0.02202057 0.06688428 0.00000000 -0.06883916 0.01481924 0.00000000 -0.00745148 -0.07002068 0.00000000
3.99000025 -0.04121500 -0.05651626 0.00000000 0.06124811 -0.03378487 0.00000000 0.02581889 0.06500864 0.00000000 -0.06773839 0.01744354 0.00000000 -0.00879151 -0.06939350 0.00000000
4.00000000 -0.04634132 -0.05177297 0.00000000 0.05796458 -0.03831516 0.00000000 0.02947346 0.06292259 0.00000000 -0.06654155 0.02000459 0.00000000 -0.01010990 -0.06874397 0.00000000
4.01000023 -0.05093778 -0.04657635 0.00000000 0.05435370 -0.04254029 0.00000000 0.03297296 0.06063640 0.00000000 -0.06525189 0.02249905 0.00000000 -0.01140637 -0.06807269 0.00000000
4.01999998 -0.05496550 -0.04098423 0.00000000 0.05044283 -0.04643726 0.00000000 0.03630677 0.05816107 0.00000000 -0.06387272 0.02492373 0.00000000 -0.01268064 -0.06738028 0.00000000
4.03000021 -0.05839193 -0.03505760 0.00000000 0.04626107 -0.04998553 0.00000000 0.03946504 0.05550802 0.00000000 -0.06240750 0.02727557 0.00000000 -0.01393242 -0.06666729 0.00000000
4.03999996 -0.06119083 -0.02885995 0.00000000 0.04183866 -0.05316697 0.00000000 0.04243863 0.05268922 0.00000000 -0.06085979 0.02955172 0.00000000 -0.01516148 -0.06593429 0.00000000
4.05000019 -0.06334261 -0.02245666 0.00000000 0.03720715 -0.05596610 0.00000000 0.04521927 0.04971707 0.00000000 -0.05923314 0.03174945 0.00000000 -0.01636756 -0.06518187 0.00000000
4.06000042 -0.06483442 -0.01591432 0.00000000 0.03239894 -0.05837005 0.00000000 0.04779939 0.04660436 0.00000000 -0.05753130 0.03386622 0.00000000 -0.01755045 -0.06441068 0.00000000
4.07000017 -0.06566011 -0.00929996 0.00000000 0.02744710 -0.06036875 0.00000000 0.05017236 0.04336417 0.00000000 -0.05575801 0.03589964 0.00000000 -0.01870991 -0.06362125 0.00000000
4.08000040 -0.06582026 -0.00268049 0.00000000 0.02238523 -0.06195464 0.00000000 0.05233232 0.04000998 0.00000000 -0.05391717 0.03784750 0.00000000 -0.01984577 -0.06281421 0.00000000
4.09000015 -0.06532209 0.00387802 0.00000000 0.01724718 -0.06312320 0.00000000 0.05427428 0.03655541 0.00000000 -0.05201264 0.03970772 0.00000000 -0.02095782 -0.06199005 0.00000000
4.10000038 -0.06417932 0.01031100 0.00000000 0.01206684 -0.06387234 0.00000000 0.05599407 0.03301429 0.00000000 -0.05004837 0.04147847 0.00000000 -0.02204587 -0.06114951 0.00000000
4.11000013 -0.06241182 0.01655599 0.00000000 0.00687790 -0.06420291 0.00000000 0.05748845 0.02940059 0.00000000 -0.04802838 0.04315802 0.00000000 -0.02310979 -0.06029310 0.00000000
4.12000036 -0.06004554 0.02255321 0.00000000 0.00171368 -0.06411838 0.00000000 0.05875497 0.02572835 0.00000000 -0.04595672 0.04474482 0.00000000 -0.02414942 -0.05942142 0.00000000
4.13000011 -0.05711198 0.02824615 0.00000000 -0.00339310 -0.06362464 0.00000000 0.05979207 0.02201164 0.00000000 -0.04383741 0.04623753 0.00000000 -0.02516461 -0.05853507 0.00000000
4.14000034 -0.05364791 0.03358210 0.00000000 -0.00841054 -0.06273041 0.00000000 0.06059907 0.01826448 0.00000000 -0.04167458 0.04763496 0.00000000 -0.02615526 -0.05763458 0.00000000
4.15000010 -0.04969487 0.03851258 0.00000000 -0.01330771 -0.06144664 0.00000000 0.06117602 0.01450086 0.00000000 -0.03947233 0.04893604 0.00000000 -0.02712124 -0.05672059 0.00000000
4.16000032 -0.04529876 0.04299379 0.00000000 -0.01805486 -0.05978670 0.00000000 0.06152392 0.01073460 0.00000000 -0.03723477 0.05014000 0.00000000 -0.02806244 -0.05579364 0.00000000
4.17000008 -0.04050928 0.04698705 0.00000000 -0.02262363 -0.05776623 0.00000000 0.06164456 0.00697938 0.00000000 -0.03496604 0.05124608 0.00000000 -0.02897877 -0.05485437 0.00000000
4.18000031 -0.03537937 0.05045895 0.00000000 -0.02698713 -0.05540297 0.00000000 0.06154050 0.00324864 0.00000000 -0.03267024 0.05225384 0.00000000 -0.02987021 -0.05390330 0.00000000
4.19000006 -0.02996470 0.05338186 0.00000000 -0.03112017 -0.05271649 0.00000000 0.06121511 -0.00044445 0.00000000 -0.03035149 0.05316292 0.00000000 -0.03073663 -0.05294103 0.00000000
4.20000029 -0.02432301 0.05573383 0.00000000 -0.03499935 -0.04972828 0.00000000 0.06067248 -0.00408702 0.00000000 -0.02801388 0.05397309 0.00000000 -0.03157800 -0.05196812 0.00000000
4.21000004 -0.01851356 0.05749905 0.00000000 -0.03860322 -0.04646148 0.00000000 0.05991745 -0.00766655 0.00000000 -0.02566148 0.05468440 0.00000000 -0.03239430 -0.05098519 0.00000000
4.22000027 -0.01259649 0.05866765 0.00000000 -0.04191235 -0.04294071 0.00000000 0.05895555 -0.01117092 0.00000000 -0.02329832 0.05529699 0.00000000 -0.03318549 -0.04999273 0.00000000
4.23000002 -0.00663220 0.05923586 0.00000000 -0.04490950 -0.03919180 0.00000000 0.05779303 -0.01458845 0.00000000 -0.02092840 0.05581111 0.00000000 -0.03395153 -0.04899136 0.00000000
4.24000025 -0.00068080 0.05920602 0.00000000 -0.04757963 -0.03524178 0.00000000 0.05643676 -0.01790792 0.00000000 -0.01855569 0.05622729 0.00000000 -0.03469246 -0.04798163 0.00000000
4.25000000 0.00519857 0.05858634 0.00000000 -0.04990994 -0.03111860 0.00000000 0.05489419 -0.02111860 0.00000000 -0.01618410 0.05654609 0.00000000 -0.03540825 -0.04696413 0.00000000
4.26000023 0.01094824 0.05739077 0.00000000 -0.05189004 -0.02685094 0.00000000 0.05317340 -0.02421033 0.00000000 -0.01381749 0.05676833 0.00000000 -0.03609892 -0.04593933 0.00000000
4.26999998 0.01651261 0.05563889 0.00000000 -0.05351195 -0.02246799 0.00000000 0.05128290 -0.02717350 0.00000000 -0.01145966 0.05689491 0.00000000 -0.03676450 -0.04490781 0.00000000
4.28000021 0.02183866 0.05335551 0.00000000 -0.05476997 -0.01799935 0.00000000 0.04923189 -0.02999907 0.00000000 -0.00911434 0.05692687 0.00000000 -0.03740505 -0.04387017 0.00000000
4.29000044 0.02687645 0.05057047 0.00000000 -0.05566088 -0.01347472 0.00000000 0.04702985 -0.03267864 0.00000000 -0.00678519 0.05686545 0.00000000 -0.03802061 -0.04282688 0.00000000
4.30000019 0.03157957 0.04731814 0.00000000 -0.05618391 -0.00892381 0.00000000 0.04468679 -0.03520446 0.00000000 -0.00447581 0.05671194 0.00000000 -0.03861120 -0.04177848 0.00000000
4.31000042 0.03590557 0.04363716 0.00000000 -0.05634047 -0.00437608 0.00000000 0.04221301 -0.03756940 0.00000000 -0.00218971 0.05646789 0.00000000 -0.03917694 -0.04072555 0.00000000
4.32000017 0.03981630 0.03956990 0.00000000 -0.05613451 0.00013942 0.00000000 0.03961922 -0.03976706 0.00000000 0.00006969 0.05613480 0.00000000 -0.03971791 -0.03966856 0.00000000
4.33000040 0.04327831 0.03516203 0.00000000 -0.05557214 0.00459421 0.00000000 0.03691640 -0.04179169 0.00000000 0.00229904 0.05571443 0.00000000 -0.04023416 -0.03860808 0.00000000
4.34000015 0.04626298 0.03046198 0.00000000 -0.05466163 0.00896061 0.00000000 0.03411579 -0.04363825 0.00000000 0.00449512 0.05520865 0.00000000 -0.04072580 -0.03754461 0.00000000
4.35000038 0.04874694 0.02552050 0.00000000 -0.05341341 0.01321185 0.00000000 0.03122878 -0.04530241 0.00000000 0.00665477 0.05461935 0.00000000 -0.04119297 -0.03647863 0.00000000
4.36000013 0.05071199 0.02039004 0.00000000 -0.05184004 0.01732224 0.00000000 0.02826699 -0.04678059 0.00000000 0.00877494 0.05394868 0.00000000 -0.04163575 -0.03541066 0.00000000
4.37000036 0.05214546 0.01512426 0.00000000 -0.04995576 0.02126736 0.00000000 0.02524214 -0.04806986 0.00000000 0.01085270 0.05319881 0.00000000 -0.04205429 -0.03434122 0.00000000
4.38000011 0.05304004 0.00977744 0.00000000 -0.04777683 0.02502416 0.00000000 0.02216598 -0.04916811 0.00000000 0.01288522 0.05237194 0.00000000 -0.04244873 -0.03327078 0.00000000
4.39000034 0.05339405 0.00440397 0.00000000 -0.04532110 0.02857108 0.00000000 0.01905035 -0.05007386 0.00000000 0.01486977 0.05147050 0.00000000 -0.04281918 -0.03219981 0.00000000
4.40000010 0.05321103 -0.00094224 0.00000000 -0.04260790 0.03188824 0.00000000 0.01590704 -0.05078637 0.00000000 0.01680374 0.05049692 0.00000000 -0.04316583 -0.03112883 0.00000000
4.41000032 0.05249997 -0.00620825 0.00000000 -0.03965801 0.03495741 0.00000000 0.01274779 -0.05130566 0.00000000 0.01868466 0.04945376 0.00000000 -0.04348885 -0.03005828 0.00000000
4.42000008 0.05127491 -0.01134261 0.00000000 -0.03649346 0.03776228 0.00000000 0.00958425 -0.05163239 0.00000000 0.02051015 0.04834366 0.00000000 -0.04378837 -0.02898866 0.00000000
4.43000031 0.04955493 -0.01629589 0.00000000 -0.03313733 0.04028837 0.00000000 0.00642792 -0.05176791 0.00000000 0.02227796 0.04716929 0.00000000 -0.04406461 -0.02792038 0.00000000
4.44000006 0.04736367 -0.02102111 0.00000000 -0.02961362 0.04252326 0.00000000 0.00329014 -0.05171429 0.00000000 0.02398597 0.04593344 0.00000000 -0.04431772 -0.02685394 0.00000000
4.45000029 0.04472924 -0.02547418 0.00000000 -0.02594711 0.04445645 0.00000000 0.00018200 -0.05147421 0.00000000 0.02563218 0.04463892 0.00000000 -0.04454792 -0.02578977 0.00000000
4.46000004 0.04168379 -0.02961430 0.00000000 -0.02216316 0.04607960 0.00000000 -0.00288562 -0.05105102 0.00000000 0.02721471 0.04328865 0.00000000 -0.04475541 -0.02472831 0.00000000
4.47000027 0.03826310 -0.03340435 0.00000000 -0.01828751 0.04738641 0.00000000 -0.00590217 -0.05044866 0.00000000 0.02873184 0.04188556 0.00000000 -0.04494037 -0.02366998 0.00000000
4.48000002 0.03450628 -0.03681118 0.00000000 -0.01434619 0.04837274 0.00000000 -0.00885741 -0.04967171 0.00000000 0.03018195 0.04043264 0.00000000 -0.04510307 -0.02261524 0.00000000
4.49000025 0.03045519 -0.03980589 0.00000000 -0.01036529 0.04903650 0.00000000 -0.01174145 -0.04872528 0.00000000 0.03156356 0.03893292 0.00000000 -0.04524370 -0.02156447 0.00000000
4.50000000 0.02615415 -0.04236411 0.00000000 -0.00637079 0.04937770 0.00000000 -0.01454479 -0.04761505 0.00000000 0.03287531 0.03738949 0.00000000 -0.04536247 -0.02051809 0.00000000
4.51000023 0.02164932 -0.04446610 0.00000000 -0.00238843 0.04939849 0.00000000 -0.01725837 -0.04634718 0.00000000 0.03411600 0.03580541 0.00000000 -0.04545966 -0.01947653 0.00000000
4.51999998 0.01698833 -0.04609692 0.00000000 0.00155646 0.04910291 0.00000000 -0.01987355 -0.04492840 0.00000000 0.03528452 0.03418384 0.00000000 -0.04553548 -0.01844016 0.00000000
4.53000021 0.01221971 -0.04724660 0.00000000 0.00543915 0.04849708 0.00000000 -0.02238215 -0.04336578 0.00000000 0.03637995 0.03252792 0.00000000 -0.04559020 -0.01740937 0.00000000
4.54000044 0.00739242 -0.04791005 0.00000000 0.00923561 0.04758899 0.00000000 -0.02477653 -0.04166690 0.00000000 0.03740145 0.03084080 0.00000000 -0.04562410 -0.01638454 0.00000000
4.55000019 0.00255537 -0.04808705 0.00000000 0.01292269 0.04638844 0.00000000 -0.02704954 -0.03983975 0.00000000 0.03834832 0.02912565 0.00000000 -0.04563737 -0.01536607 0.00000000
4.56000042 -0.00224309 -0.04778231 0.00000000 0.01647826 0.04490699 0.00000000 -0.02919453 -0.03789260 0.00000000 0.03922003 0.02738565 0.00000000 -0.04563033 -0.01435429 0.00000000
4.57000017 -0.00695563 -0.04700526 0.00000000 0.01988130 0.04315782 0.00000000 -0.03120547 -0.03583411 0.00000000 0.04001614 0.02562396 0.00000000 -0.04560324 -0.01334958 0.00000000
4.58000040 -0.01153641 -0.04576987 0.00000000 0.02311206 0.04115570 0.00000000 -0.03307682 -0.03367319 0.00000000 0.04073633 0.02384376 0.00000000 -0.04555634 -0.01235228 0.00000000
4.59000015 -0.01594150 -0.04409455 0.00000000 0.02615216 0.03891677 0.00000000 -0.03480368 -0.03141903 0.00000000 0.04138044 0.02204819 0.00000000 -0.04549001 -0.01136274 0.00000000
4.60000038 -0.02012933 -0.04200183 0.00000000 0.02898466 0.03645850 0.00000000 -0.03638171 -0.02908099 0.00000000 0.04194845 0.02024038 0.00000000 -0.04540443 -0.01038129 0.00000000
4.61000013 -0.02406101 -0.03951807 0.00000000 0.03159420 0.03379951 0.00000000 -0.03780716 -0.02666869 0.00000000 0.04244042 0.01842347 0.00000000 -0.04529995 -0.00940826 0.00000000
4.62000036 -0.02770075 -0.03667325 0.00000000 0.03396702 0.03095948 0.00000000 -0.03907691 -0.02419181 0.00000000 0.04285655 0.01660053 0.00000000 -0.04517686 -0.00844395 0.00000000
4.63000011 -0.03101611 -0.03350050 0.00000000 0.03609109 0.02795899 0.00000000 -0.04018842 -0.02166019 0.00000000 0.04319716 0.01477462 0.00000000 -0.04503545 -0.00748870 0.00000000
4.64000034 -0.03397834 -0.03003578 0.00000000 0.03795611 0.02481933 0.00000000 -0.04113974 -0.01908371 0.00000000 0.04346273 0.01294876 0.00000000 -0.04487602 -0.00654278 0.00000000
4.65000010 -0.03656260 -0.02631752 0.00000000 0.03955358 0.02156248 0.00000000 -0.04192959 -0.01647228 0.00000000 0.04365376 0.01112594 0.00000000 -0.04469892 -0.00560651 0.00000000
4.66000032 -0.03874813 -0.02238613 0.00000000 0.04087683 0.01821079 0.00000000 -0.04255722 -0.01383582 0.00000000 0.04377099 0.00930909 0.00000000 -0.04450440 -0.00468017 0.00000000
4.67000008 -0.04051840 -0.01828364 0.00000000 0.04192099 0.01478698 0.00000000 -0.04302251 -0.01118421 0.00000000 0.04381515 0.00750109 0.00000000 -0.04429282 -0.00376403 0.00000000
4.68000031 -0.04186129 -0.01405321 0.00000000 0.04268310 0.01131391 0.00000000 -0.04332593 -0.00852725 0.00000000 0.04378719 0.00570479 0.00000000 -0.04406451 -0.00285836 0.00000000
4.69000006 -0.04276907 -0.00973870 0.00000000 0.04316201 0.00781445 0.00000000 -0.04346855 -0.00587461 0.00000000 0.04368806 0.00392297 0.00000000 -0.04381975 -0.00196342 0.00000000
4.70000029 -0.04323841 -0.00538425 0.00000000 0.04335845 0.00431134 0.00000000 -0.04345194 -0.00323585 0.00000000 0.04351890 0.00215834 0.00000000 -0.04355888 -0.00107947 0.00000000
4.71000004 -0.04327050 -0.00103380 0.00000000 0.04327485 0.00082704 0.00000000 -0.04327831 -0.00062032 0.00000000 0.04328088 0.00041355 0.00000000 -0.04328227 -0.00020675 0.00000000
4.72000027 -0.04287077 0.00326934 0.00000000 0.04291547 -0.00261640 0.00000000 -0.04295033 0.00196280 0.00000000 0.04297535 -0.00130880 0.00000000 -0.04299020 0.00065450 0.00000000
4.73000002 -0.04204895 0.00748289 0.00000000 0.04228628 -0.00599749 0.00000000 -0.04247127 0.00450461 0.00000000 0.04260365 -0.00300620 0.00000000 -0.04268300 0.00150405 0.00000000
4.74000025 -0.04081881 0.01156604 0.00000000 0.04139485 -0.00929543 0.00000000 -0.04184483 0.00699646 0.00000000 0.04216731 -0.00467621 0.00000000 -0.04236102 0.00234169 0.00000000
4.75000000 -0.03919803 0.01547979 0.00000000 0.04025039 -0.01249021 0.00000000 -0.04107523 0.00942997 0.00000000 0.04166786 -0.00631646 0.00000000 -0.04202462 0.00316720 0.00000000
4.76000023 -0.03720791 0.01918739 0.00000000 0.03886354 -0.01556276 0.00000000 -0.04016721 0.01179713 0.00000000 0.04110698 -0.00792467 0.00000000 -0.04167413 0.00398038 0.00000000
4.77000046 -0.03487322 0.02265459 0.00000000 0.03724643 -0.01849504 0.00000000 -0.03912580 0.01409024 0.00000000 0.04048640 -0.00949864 0.00000000 -0.04130987 0.00478103 0.00000000
4.78000021 -0.03222178 0.02585001 0.00000000 0.03541240 -0.02127015 0.00000000 -0.03795660 0.01630198 0.00000000 0.03980790 -0.01103624 0.00000000 -0.04093219 0.00556897 0.00000000
4.79000044 -0.02928422 0.02874540 0.00000000 0.03337609 -0.02387242 0.00000000 -0.03666551 0.01842543 0.00000000 0.03907336 -0.01253546 0.00000000 -0.04054148 0.00634401 0.00000000
4.80000019 -0.02609363 0.03131587 0.00000000 0.03115321 -0.02628748 0.00000000 -0.03525884 0.02045407 0.00000000 0.03828474 -0.01399434 0.00000000 -0.04013801 0.00710599 0.00000000
4.81000042 -0.02268516 0.03354008 0.00000000 0.02876043 -0.02850235 0.00000000 -0.03374318 0.02238181 0.00000000 0.03744403 -0.01541104 0.00000000 -0.03972217 0.00785473 0.00000000
4.82000017 -0.01909568 0.03540047 0.00000000 0.02621534 -0.03050552 0.00000000 -0.03212547 0.02420301 0.00000000 0.03655330 -0.01678381 0.00000000 -0.03929431 0.00859009 0.00000000
4.83000040 -0.01536336 0.03688330 0.00000000 0.02353622 -0.03228699 0.00000000 -0.03041291 0.02591252 0.00000000 0.03561467 -0.01811099 0.00000000 -0.03885476 0.00931192 0.00000000
4.84000015 -0.01152732 0.03797877 0.00000000 0.02074200 -0.03383827 0.00000000 -0.02861298 0.02750558 0.00000000 0.03463029 -0.01939100 0.00000000 -0.03840387 0.01002008 0.00000000
4.85000038 -0.00762716 0.03868111 0.00000000 0.01785208 -0.03515249 0.00000000 -0.02673334 0.02897800 0.00000000 0.03360238 -0.02062239 0.00000000 -0.03794201 0.01071444 0.00000000
4.86000013 -0.00370263 0.03898852 0.00000000 0.01488621 -0.03622441 0.00000000 -0.02478183 0.03032604 0.00000000 0.03253322 -0.02180379 0.00000000 -0.03746951 0.01139486 0.00000000
4.87000036 0.00020685 0.03890316 0.00000000 0.01186437 -0.03705035 0.00000000 -0.02276647 0.03154648 0.00000000 0.03142506 -0.02293392 0.00000000 -0.03698675 0.01206124 0.00000000
4.88000011 0.00406247 0.03843109 0.00000000 0.00880665 -0.03762829 0.00000000 -0.02069543 0.03263658 0.00000000 0.03028028 -0.02401164 0.00000000 -0.03649402 0.01271348 0.00000000
4.89000034 0.00782654 0.03758215 0.00000000 0.00573308 -0.03795783 0.00000000 -0.01857691 0.03359412 0.00000000 0.02910119 -0.02503586 0.00000000 -0.03599172 0.01335146 0.00000000
4.90000010 0.01146272 0.03636978 0.00000000 0.00266354 -0.03804015 0.00000000 -0.01641921 0.03441739 0.00000000 0.02789019 -0.02600562 0.00000000 -0.03548019 0.01397510 0.00000000
4.91000032 0.01493646 0.03481087 0.00000000 -0.00038239 -0.03787797 0.00000000 -0.01423067 0.03510522 0.00000000 0.02664968 -0.02692006 0.00000000 -0.03495978 0.01458431 0.00000000
4.92000008 0.01821528 0.03292556 0.00000000 -0.00338552 -0.03747559 0.00000000 -0.01201961 0.03565685 0.00000000 0.02538206 -0.02777842 0.00000000 -0.03443081 0.01517901 0.00000000
4.93000031 0.02126909 0.03073698 0.00000000 -0.00632722 -0.03683877 0.00000000 -0.00979435 0.03607215 0.00000000 0.02408979 -0.02858004 0.00000000 -0.03389365 0.01575913 0.00000000
4.94000006 0.02407040 0.02827095 0.00000000 -0.00918948 -0.03597468 0.00000000 -0.00756310 0.03635142 0.00000000 0.02277528 -0.02932436 0.00000000 -0.03334863 0.01632461 0.00000000
4.95000029 0.02659465 0.02555574 0.00000000 -0.01195503 -0.03489185 0.00000000 -0.00533404 0.03649540 0.00000000 0.02144098 -0.03001094 0.00000000 -0.03279613 0.01687540 0.00000000
4.96000004 0.02882033 0.02262172 0.00000000 -0.01460746 -0.03360014 0.00000000 -0.00311519 0.03650540 0.00000000 0.02008934 -0.03063940 0.00000000 -0.03223645 0.01741144 0.00000000
4.97000027 0.03072920 0.01950103 0.00000000 -0.01713129 -0.03211053 0.00000000 -0.00091446 0.03638314 0.00000000 0.01872278 -0.03120948 0.00000000 -0.03166997 0.01793269 0.00000000
4.98000002 0.03230644 0.01622726 0.00000000 -0.01951209 -0.03043521 0.00000000 0.00126044 0.03613083 0.00000000 0.01734375 -0.03172106 0.00000000 -0.03109700 0.01843912 0.00000000
4.99000025 0.03354072 0.01283508 0.00000000 -0.02173651 -0.02858735 0.00000000 0.00340196 0.03575110 0.00000000 0.01595465 -0.03217404 0.00000000 -0.03051788 0.01893071 0.00000000
5.00000000 0.03442425 0.00935986 0.00000000 -0.02379239 -0.02658105 0.00000000 0.00550281 0.03524699 0.00000000 0.01455789 -0.03256846 0.00000000 -0.02993298 0.01940743 0.00000000
